{
  "major_version": 1,
  "minor_version": 0,
  "bones": [
    {
      "name": "Trans",
      "transform": [
        [
          1.0,
          0.0,
          0.0,
          0.0
        ],
        [
          0.0,
          1.0,
          0.0,
          0.0
        ],
        [
          0.0,
          0.0,
          1.0,
          0.0
        ],
        [
          0.0,
          0.0,
          0.0,
          1.0
        ]
      ],
      "parent_index": null,
      "billboard_type": "Disabled"
    },
    {
      "name": "Rot",
      "transform": [
        [
          1.0,
          0.0,
          0.0,
          0.0
        ],
        [
          0.0,
          1.0,
          0.0,
          0.0
        ],
        [
          0.0,
          0.0,
          1.0,
          0.0
        ],
        [
          0.0,
          6.48774,
          0.473087,
          1.0
        ]
      ],
      "parent_index": 0,
      "billboard_type": "Disabled"
    },
    {
      "name": "Hip",
      "transform": [
        [
          0.0,
          0.999972,
          -0.00744077,
          0.0
        ],
        [
          0.0,
          0.00744077,
          0.999972,
          0.0
        ],
        [
          1.0,
          0.0,
          0.0,
          0.0
        ],
        [
          0.0,
          -1.81255,
          0.0,
          1.0
        ]
      ],
      "parent_index": 1,
      "billboard_type": "Disabled"
    },
    {
      "name": "Waist",
      "transform": [
        [
          0.999768,
          0.0215323,
          0.0,
          0.0
        ],
        [
          -0.0215323,
          0.999768,
          0.0,
          0.0
        ],
        [
          0.0,
          0.0,
          1.0,
          0.0
        ],
        [
          2.95977,
          0.0,
          0.0,
          1.0
        ]
      ],
      "parent_index": 2,
      "billboard_type": "Disabled"
    },
    {
      "name": "Bust",
      "transform": [
        [
          0.986747,
          0.162266,
          0.0,
          0.0
        ],
        [
          -0.162266,
          0.986747,
          0.0,
          0.0
        ],
        [
          0.0,
          0.0,
          1.0,
          0.0
        ],
        [
          2.92433,
          0.0,
          0.0,
          1.0
        ]
      ],
      "parent_index": 3,
      "billboard_type": "Disabled"
    },
    {
      "name": "Neck",
      "transform": [
        [
          0.998905,
          -0.0467748,
          0.0,
          0.0
        ],
        [
          0.0467748,
          0.998905,
          0.0,
          0.0
        ],
        [
          0.0,
          0.0,
          1.0,
          0.0
        ],
        [
          1.826,
          0.0,
          0.0,
          1.0
        ]
      ],
      "parent_index": 4,
      "billboard_type": "Disabled"
    },
    {
      "name": "Head",
      "transform": [
        [
          0.991524,
          -0.129921,
          0.0,
          0.0
        ],
        [
          0.129921,
          0.991524,
          0.0,
          0.0
        ],
        [
          0.0,
          0.0,
          1.0,
          0.0
        ],
        [
          1.1347,
          0.0,
          0.0,
          1.0
        ]
      ],
      "parent_index": 5,
      "billboard_type": "Disabled"
    },
    {
      "name": "MouthU1",
      "transform": [
        [
          0.114688,
          0.993402,
          0.0,
          0.0
        ],
        [
          -0.993402,
          0.114688,
          0.0,
          0.0
        ],
        [
          0.0,
          0.0,
          1.0,
          0.0
        ],
        [
          0.752449,
          1.70407,
          0.0,
          1.0
        ]
      ],
      "parent_index": 6,
      "billboard_type": "Disabled"
    },
    {
      "name": "MouthD1",
      "transform": [
        [
          -0.346488,
          0.938054,
          0.0,
          0.0
        ],
        [
          -0.938054,
          -0.346488,
          0.0,
          0.0
        ],
        [
          0.0,
          0.0,
          1.0,
          0.0
        ],
        [
          -0.204471,
          1.66077,
          0.0,
          1.0
        ]
      ],
      "parent_index": 6,
      "billboard_type": "Disabled"
    },
    {
      "name": "ClavicleC",
      "transform": [
        [
          0.984362,
          -0.176158,
          0.0,
          0.0
        ],
        [
          0.176158,
          0.984362,
          0.0,
          0.0
        ],
        [
          0.0,
          0.0,
          1.0,
          0.0
        ],
        [
          1.82062,
          -0.450378,
          0.0,
          1.0
        ]
      ],
      "parent_index": 4,
      "billboard_type": "Disabled"
    },
    {
      "name": "ClavicleL",
      "transform": [
        [
          0.0,
          0.0,
          1.0,
          0.0
        ],
        [
          0.00000108993,
          1.0,
          0.0,
          0.0
        ],
        [
          -1.0,
          0.00000108993,
          0.0,
          0.0
        ],
        [
          0.0,
          0.0,
          2.8,
          1.0
        ]
      ],
      "parent_index": 9,
      "billboard_type": "Disabled"
    },
    {
      "name": "ShoulderL",
      "transform": [
        [
          1.0,
          -0.00000103713,
          0.00000103696,
          0.0
        ],
        [
          0.00000103713,
          1.0,
          -0.00000172528,
          0.0
        ],
        [
          -0.00000103696,
          0.00000172528,
          1.0,
          0.0
        ],
        [
          2.59957,
          0.0,
          0.534212,
          1.0
        ]
      ],
      "parent_index": 10,
      "billboard_type": "Disabled"
    },
    {
      "name": "ArmL",
      "transform": [
        [
          1.0,
          0.00000117086,
          0.0,
          0.0
        ],
        [
          -0.00000117086,
          1.0,
          0.0,
          0.0
        ],
        [
          0.0,
          0.0,
          1.0,
          0.0
        ],
        [
          2.8926,
          0.0,
          0.0,
          1.0
        ]
      ],
      "parent_index": 11,
      "billboard_type": "Disabled"
    },
    {
      "name": "HandL",
      "transform": [
        [
          1.0,
          0.0,
          -0.00000194019,
          0.0
        ],
        [
          0.00000194019,
          -0.00000259404,
          1.0,
          0.0
        ],
        [
          0.0,
          -1.0,
          -0.00000259404,
          0.0
        ],
        [
          2.49081,
          0.0,
          0.0,
          1.0
        ]
      ],
      "parent_index": 12,
      "billboard_type": "Disabled"
    },
    {
      "name": "HaveL",
      "transform": [
        [
          0.0,
          -1.0,
          0.0,
          0.0
        ],
        [
          0.0,
          0.0,
          -1.0,
          0.0
        ],
        [
          1.0,
          0.0,
          0.0,
          0.0
        ],
        [
          3.266,
          0.721,
          -0.151,
          1.0
        ]
      ],
      "parent_index": 13,
      "billboard_type": "Disabled"
    },
    {
      "name": "ClavicleR",
      "transform": [
        [
          0.0,
          0.0,
          -1.0,
          0.0
        ],
        [
          0.00000108824,
          1.0,
          0.0,
          0.0
        ],
        [
          1.0,
          -0.00000108824,
          0.0,
          0.0
        ],
        [
          0.0,
          0.0,
          -2.8,
          1.0
        ]
      ],
      "parent_index": 9,
      "billboard_type": "Disabled"
    },
    {
      "name": "ShoulderR",
      "transform": [
        [
          1.0,
          0.0,
          0.0,
          0.0
        ],
        [
          0.0,
          1.0,
          0.00000172528,
          0.0
        ],
        [
          0.0,
          -0.00000172528,
          1.0,
          0.0
        ],
        [
          2.60039,
          0.0,
          -0.5342,
          1.0
        ]
      ],
      "parent_index": 15,
      "billboard_type": "Disabled"
    },
    {
      "name": "ArmR",
      "transform": [
        [
          1.0,
          0.0,
          0.0,
          0.0
        ],
        [
          0.0,
          1.0,
          0.0,
          0.0
        ],
        [
          0.0,
          0.0,
          1.0,
          0.0
        ],
        [
          2.89178,
          0.0,
          0.0,
          1.0
        ]
      ],
      "parent_index": 16,
      "billboard_type": "Disabled"
    },
    {
      "name": "HandR",
      "transform": [
        [
          1.0,
          0.0,
          0.0,
          0.0
        ],
        [
          0.0,
          -0.00000259403,
          -1.0,
          0.0
        ],
        [
          0.0,
          1.0,
          -0.00000259403,
          0.0
        ],
        [
          2.49083,
          0.0,
          0.0,
          1.0
        ]
      ],
      "parent_index": 17,
      "billboard_type": "Disabled"
    },
    {
      "name": "HaveR",
      "transform": [
        [
          0.0,
          1.0,
          0.0,
          0.0
        ],
        [
          0.0,
          0.0,
          1.0,
          0.0
        ],
        [
          1.0,
          0.0,
          0.0,
          0.0
        ],
        [
          3.26601,
          0.720594,
          0.151413,
          1.0
        ]
      ],
      "parent_index": 18,
      "billboard_type": "Disabled"
    },
    {
      "name": "Hammer1",
      "transform": [
        [
          0.0,
          1.0,
          0.0,
          0.0
        ],
        [
          -1.0,
          0.0,
          0.0,
          0.0
        ],
        [
          0.0,
          0.0,
          1.0,
          0.0
        ],
        [
          0.0,
          0.0,
          0.0,
          1.0
        ]
      ],
      "parent_index": 19,
      "billboard_type": "Disabled"
    },
    {
      "name": "Hammer2",
      "transform": [
        [
          1.0,
          0.0,
          0.0,
          0.0
        ],
        [
          0.0,
          1.0,
          0.0,
          0.0
        ],
        [
          0.0,
          0.0,
          1.0,
          0.0
        ],
        [
          17.347,
          0.0,
          0.0,
          1.0
        ]
      ],
      "parent_index": 20,
      "billboard_type": "Disabled"
    },
    {
      "name": "Hammer3",
      "transform": [
        [
          0.0,
          0.0,
          -1.0,
          0.0
        ],
        [
          0.0,
          1.0,
          0.0,
          0.0
        ],
        [
          1.0,
          0.0,
          0.0,
          0.0
        ],
        [
          0.0,
          0.0,
          0.0,
          1.0
        ]
      ],
      "parent_index": 21,
      "billboard_type": "Disabled"
    },
    {
      "name": "LegC",
      "transform": [
        [
          0.999972,
          0.00743965,
          0.0,
          0.0
        ],
        [
          -0.00743965,
          0.999972,
          0.0,
          0.0
        ],
        [
          0.0,
          0.0,
          1.0,
          0.0
        ],
        [
          2.47502,
          0.00659544,
          0.0,
          1.0
        ]
      ],
      "parent_index": 2,
      "billboard_type": "Disabled"
    },
    {
      "name": "LegL",
      "transform": [
        [
          -0.981962,
          0.0255626,
          0.187342,
          0.0
        ],
        [
          -0.0260234,
          -0.999661,
          0.0,
          0.0
        ],
        [
          0.187278,
          -0.00487526,
          0.982295,
          0.0
        ],
        [
          0.0,
          0.0,
          2.84552,
          1.0
        ]
      ],
      "parent_index": 23,
      "billboard_type": "Disabled"
    },
    {
      "name": "KneeL",
      "transform": [
        [
          0.991422,
          0.13058,
          -0.00566485,
          0.0
        ],
        [
          -0.130582,
          0.991438,
          0.0,
          0.0
        ],
        [
          0.00561634,
          0.000739726,
          0.999984,
          0.0
        ],
        [
          2.15906,
          0.0,
          0.0,
          1.0
        ]
      ],
      "parent_index": 24,
      "billboard_type": "Disabled"
    },
    {
      "name": "FootL",
      "transform": [
        [
          0.977998,
          -0.102425,
          -0.181741,
          0.0
        ],
        [
          0.0467072,
          0.956565,
          -0.287752,
          0.0
        ],
        [
          0.20332,
          0.272932,
          0.940303,
          0.0
        ],
        [
          1.75835,
          0.0,
          0.0,
          1.0
        ]
      ],
      "parent_index": 25,
      "billboard_type": "Disabled"
    },
    {
      "name": "ToeL",
      "transform": [
        [
          0.0,
          -1.0,
          0.0,
          0.0
        ],
        [
          1.0,
          0.0,
          0.0,
          0.0
        ],
        [
          0.0,
          0.0,
          1.0,
          0.0
        ],
        [
          2.1412,
          -2.46495,
          0.181626,
          1.0
        ]
      ],
      "parent_index": 26,
      "billboard_type": "Disabled"
    },
    {
      "name": "LegR",
      "transform": [
        [
          -0.981962,
          0.0255627,
          -0.18734,
          0.0
        ],
        [
          -0.0260235,
          -0.999661,
          0.0,
          0.0
        ],
        [
          -0.187277,
          0.00487525,
          0.982295,
          0.0
        ],
        [
          0.0,
          0.0,
          -2.84552,
          1.0
        ]
      ],
      "parent_index": 23,
      "billboard_type": "Disabled"
    },
    {
      "name": "KneeR",
      "transform": [
        [
          0.991422,
          0.13058,
          0.00566446,
          0.0
        ],
        [
          -0.130582,
          0.991437,
          0.0,
          0.0
        ],
        [
          -0.00561596,
          -0.000739677,
          0.999984,
          0.0
        ],
        [
          2.15906,
          0.0,
          0.0,
          1.0
        ]
      ],
      "parent_index": 28,
      "billboard_type": "Disabled"
    },
    {
      "name": "FootR",
      "transform": [
        [
          0.977998,
          -0.102425,
          0.18174,
          0.0
        ],
        [
          0.0467066,
          0.956564,
          0.287757,
          0.0
        ],
        [
          -0.203319,
          -0.272937,
          0.940301,
          0.0
        ],
        [
          1.75835,
          0.0,
          0.0,
          1.0
        ]
      ],
      "parent_index": 29,
      "billboard_type": "Disabled"
    },
    {
      "name": "ToeR",
      "transform": [
        [
          0.0,
          -1.0,
          0.0,
          0.0
        ],
        [
          1.0,
          0.0,
          0.0,
          0.0
        ],
        [
          0.0,
          0.0,
          1.0,
          0.0
        ],
        [
          2.14119,
          -2.46495,
          -0.181628,
          1.0
        ]
      ],
      "parent_index": 30,
      "billboard_type": "Disabled"
    },
    {
      "name": "Throw",
      "transform": [
        [
          1.0,
          0.0,
          0.0,
          0.0
        ],
        [
          0.0,
          1.0,
          0.0,
          0.0
        ],
        [
          0.0,
          0.0,
          1.0,
          0.0
        ],
        [
          0.0,
          -6.48774,
          -0.473087,
          1.0
        ]
      ],
      "parent_index": 1,
      "billboard_type": "Disabled"
    },
    {
      "name": "S_CoatFL1",
      "transform": [
        [
          1.0,
          0.0,
          0.0,
          0.0
        ],
        [
          0.0,
          1.0,
          0.0,
          0.0
        ],
        [
          0.0,
          0.0,
          1.0,
          0.0
        ],
        [
          0.0,
          0.0,
          0.0,
          1.0
        ]
      ],
      "parent_index": 56,
      "billboard_type": "Disabled"
    },
    {
      "name": "S_CoatFL2",
      "transform": [
        [
          0.869636,
          0.186841,
          -0.456972,
          0.0
        ],
        [
          -0.174961,
          0.982181,
          0.0686234,
          0.0
        ],
        [
          0.461651,
          0.0202751,
          0.88683,
          0.0
        ],
        [
          4.10569,
          0.0,
          0.0,
          1.0
        ]
      ],
      "parent_index": 33,
      "billboard_type": "Disabled"
    },
    {
      "name": "S_CoatFL3",
      "transform": [
        [
          0.965494,
          0.0396101,
          -0.257397,
          0.0
        ],
        [
          -0.0422099,
          0.999098,
          -0.00458035,
          0.0
        ],
        [
          0.256984,
          0.015287,
          0.966295,
          0.0
        ],
        [
          3.85395,
          0.0,
          0.0,
          1.0
        ]
      ],
      "parent_index": 34,
      "billboard_type": "Disabled"
    },
    {
      "name": "S_CoatFL4_null",
      "transform": [
        [
          1.0,
          0.0,
          0.0,
          0.0
        ],
        [
          0.0,
          1.0,
          0.0,
          0.0
        ],
        [
          0.0,
          0.0,
          1.0,
          0.0
        ],
        [
          4.27066,
          0.0,
          0.0,
          1.0
        ]
      ],
      "parent_index": 35,
      "billboard_type": "Disabled"
    },
    {
      "name": "S_CoatFR1",
      "transform": [
        [
          1.0,
          0.0,
          0.0,
          0.0
        ],
        [
          0.0,
          1.0,
          0.0,
          0.0
        ],
        [
          0.0,
          0.0,
          1.0,
          0.0
        ],
        [
          0.0,
          0.0,
          0.0,
          1.0
        ]
      ],
      "parent_index": 57,
      "billboard_type": "Disabled"
    },
    {
      "name": "S_CoatFR2",
      "transform": [
        [
          0.869636,
          0.186841,
          0.456972,
          0.0
        ],
        [
          -0.174961,
          0.982181,
          -0.0686234,
          0.0
        ],
        [
          -0.461651,
          -0.0202751,
          0.88683,
          0.0
        ],
        [
          4.10565,
          0.0,
          0.0,
          1.0
        ]
      ],
      "parent_index": 37,
      "billboard_type": "Disabled"
    },
    {
      "name": "S_CoatFR3",
      "transform": [
        [
          0.965494,
          0.0396101,
          0.257397,
          0.0
        ],
        [
          -0.0422099,
          0.999098,
          0.00458035,
          0.0
        ],
        [
          -0.256984,
          -0.015287,
          0.966295,
          0.0
        ],
        [
          3.85395,
          0.0,
          0.0,
          1.0
        ]
      ],
      "parent_index": 38,
      "billboard_type": "Disabled"
    },
    {
      "name": "S_CoatFR4_null",
      "transform": [
        [
          1.0,
          0.0,
          0.0,
          0.0
        ],
        [
          0.0,
          1.0,
          0.0,
          0.0
        ],
        [
          0.0,
          0.0,
          1.0,
          0.0
        ],
        [
          4.27065,
          0.0,
          0.0,
          1.0
        ]
      ],
      "parent_index": 39,
      "billboard_type": "Disabled"
    },
    {
      "name": "S_CoatB1",
      "transform": [
        [
          1.0,
          0.0,
          0.0,
          0.0
        ],
        [
          0.0,
          1.0,
          0.0,
          0.0
        ],
        [
          0.0,
          0.0,
          1.0,
          0.0
        ],
        [
          0.0,
          0.0,
          0.0,
          1.0
        ]
      ],
      "parent_index": 58,
      "billboard_type": "Disabled"
    },
    {
      "name": "S_CoatB2",
      "transform": [
        [
          0.999837,
          0.0180324,
          0.0,
          0.0
        ],
        [
          -0.018032,
          0.999814,
          0.00680061,
          0.0
        ],
        [
          0.000122643,
          -0.0067995,
          0.999977,
          0.0
        ],
        [
          3.78229,
          0.0,
          0.0,
          1.0
        ]
      ],
      "parent_index": 41,
      "billboard_type": "Disabled"
    },
    {
      "name": "S_CoatB3_null",
      "transform": [
        [
          1.0,
          0.0,
          0.0,
          0.0
        ],
        [
          0.0,
          1.0,
          0.0,
          0.0
        ],
        [
          0.0,
          0.0,
          1.0,
          0.0
        ],
        [
          3.37815,
          0.0,
          0.0,
          1.0
        ]
      ],
      "parent_index": 42,
      "billboard_type": "Disabled"
    },
    {
      "name": "S_CoatL1",
      "transform": [
        [
          1.0,
          0.0,
          0.0,
          0.0
        ],
        [
          0.0,
          1.0,
          0.0,
          0.0
        ],
        [
          0.0,
          0.0,
          1.0,
          0.0
        ],
        [
          0.0,
          0.0,
          0.0,
          1.0
        ]
      ],
      "parent_index": 59,
      "billboard_type": "Disabled"
    },
    {
      "name": "S_CoatL2",
      "transform": [
        [
          0.99666,
          -0.0796643,
          -0.0179768,
          0.0
        ],
        [
          0.0797722,
          0.996799,
          0.00536286,
          0.0
        ],
        [
          0.017492,
          -0.006779,
          0.999824,
          0.0
        ],
        [
          3.5441,
          0.0,
          0.0,
          1.0
        ]
      ],
      "parent_index": 44,
      "billboard_type": "Disabled"
    },
    {
      "name": "S_CoatL3_null",
      "transform": [
        [
          1.0,
          0.0,
          0.0,
          0.0
        ],
        [
          0.0,
          1.0,
          0.0,
          0.0
        ],
        [
          0.0,
          0.0,
          1.0,
          0.0
        ],
        [
          3.37815,
          0.0,
          0.0,
          1.0
        ]
      ],
      "parent_index": 45,
      "billboard_type": "Disabled"
    },
    {
      "name": "S_CoatR1",
      "transform": [
        [
          1.0,
          0.0,
          0.0,
          0.0
        ],
        [
          0.0,
          1.0,
          0.0,
          0.0
        ],
        [
          0.0,
          0.0,
          1.0,
          0.0
        ],
        [
          0.0,
          0.0,
          0.0,
          1.0
        ]
      ],
      "parent_index": 60,
      "billboard_type": "Disabled"
    },
    {
      "name": "S_CoatR2",
      "transform": [
        [
          0.99666,
          -0.0796643,
          0.0179768,
          0.0
        ],
        [
          0.0797722,
          0.996799,
          -0.00536286,
          0.0
        ],
        [
          -0.017492,
          0.006779,
          0.999824,
          0.0
        ],
        [
          3.5441,
          0.0,
          0.0,
          1.0
        ]
      ],
      "parent_index": 47,
      "billboard_type": "Disabled"
    },
    {
      "name": "S_CoatR3_null",
      "transform": [
        [
          1.0,
          0.0,
          0.0,
          0.0
        ],
        [
          0.0,
          1.0,
          0.0,
          0.0
        ],
        [
          0.0,
          0.0,
          1.0,
          0.0
        ],
        [
          3.37815,
          0.0,
          0.0,
          1.0
        ]
      ],
      "parent_index": 48,
      "billboard_type": "Disabled"
    },
    {
      "name": "S_WristL1",
      "transform": [
        [
          -0.0368343,
          0.0,
          0.999321,
          0.0
        ],
        [
          0.0,
          -1.0,
          0.0,
          0.0
        ],
        [
          0.999321,
          0.0,
          0.0368343,
          0.0
        ],
        [
          1.056,
          0.0,
          0.021,
          1.0
        ]
      ],
      "parent_index": 68,
      "billboard_type": "Disabled"
    },
    {
      "name": "S_WristL2_null",
      "transform": [
        [
          1.0,
          0.0,
          0.0,
          0.0
        ],
        [
          0.0,
          1.0,
          0.0,
          0.0
        ],
        [
          0.0,
          0.0,
          1.0,
          0.0
        ],
        [
          0.945152,
          0.0,
          0.0,
          1.0
        ]
      ],
      "parent_index": 50,
      "billboard_type": "Disabled"
    },
    {
      "name": "S_WristR1",
      "transform": [
        [
          0.0368356,
          0.0,
          -0.999321,
          0.0
        ],
        [
          0.0,
          -1.0,
          0.0,
          0.0
        ],
        [
          -0.999321,
          0.0,
          -0.0368356,
          0.0
        ],
        [
          1.056,
          0.0,
          0.021,
          1.0
        ]
      ],
      "parent_index": 76,
      "billboard_type": "Disabled"
    },
    {
      "name": "S_WristR2_null",
      "transform": [
        [
          1.0,
          0.0,
          0.0,
          0.0
        ],
        [
          0.0,
          1.0,
          0.0,
          0.0
        ],
        [
          0.0,
          0.0,
          1.0,
          0.0
        ],
        [
          0.945,
          0.0,
          0.0,
          1.0
        ]
      ],
      "parent_index": 52,
      "billboard_type": "Disabled"
    },
    {
      "name": "MouthU2",
      "transform": [
        [
          1.0,
          0.0,
          0.0,
          0.0
        ],
        [
          0.0,
          1.0,
          0.0,
          0.0
        ],
        [
          0.0,
          0.0,
          1.0,
          0.0
        ],
        [
          3.65384,
          0.0,
          0.0,
          1.0
        ]
      ],
      "parent_index": 7,
      "billboard_type": "Disabled"
    },
    {
      "name": "MouthD2",
      "transform": [
        [
          1.0,
          0.0,
          0.0,
          0.0
        ],
        [
          0.0,
          1.0,
          0.0,
          0.0
        ],
        [
          0.0,
          0.0,
          1.0,
          0.0
        ],
        [
          3.22068,
          0.0,
          0.0,
          1.0
        ]
      ],
      "parent_index": 8,
      "billboard_type": "Disabled"
    },
    {
      "name": "CoatFL",
      "transform": [
        [
          -0.842508,
          0.521713,
          0.134152,
          0.0
        ],
        [
          0.141848,
          -0.0253843,
          0.989563,
          0.0
        ],
        [
          0.519673,
          0.852743,
          -0.0526174,
          0.0
        ],
        [
          3.5339,
          1.60495,
          4.22223,
          1.0
        ]
      ],
      "parent_index": 4,
      "billboard_type": "Disabled"
    },
    {
      "name": "CoatFR",
      "transform": [
        [
          -0.842508,
          0.521713,
          -0.134152,
          0.0
        ],
        [
          0.141848,
          -0.0253843,
          -0.989563,
          0.0
        ],
        [
          -0.519673,
          -0.852743,
          -0.0526174,
          0.0
        ],
        [
          3.53386,
          1.60496,
          -4.22222,
          1.0
        ]
      ],
      "parent_index": 4,
      "billboard_type": "Disabled"
    },
    {
      "name": "CoatB",
      "transform": [
        [
          -0.98149,
          -0.191512,
          0.0,
          0.0
        ],
        [
          0.191508,
          -0.981468,
          -0.00678003,
          0.0
        ],
        [
          0.00129846,
          -0.00665454,
          0.999977,
          0.0
        ],
        [
          -1.42923,
          -5.60474,
          0.0,
          1.0
        ]
      ],
      "parent_index": 4,
      "billboard_type": "Disabled"
    },
    {
      "name": "CoatL",
      "transform": [
        [
          -0.971038,
          -0.0719737,
          0.227825,
          0.0
        ],
        [
          0.203259,
          -0.750042,
          0.629383,
          0.0
        ],
        [
          0.125579,
          0.657462,
          0.742949,
          0.0
        ],
        [
          -1.42923,
          -2.65907,
          5.33721,
          1.0
        ]
      ],
      "parent_index": 4,
      "billboard_type": "Disabled"
    },
    {
      "name": "CoatR",
      "transform": [
        [
          -0.971038,
          -0.0719737,
          -0.227825,
          0.0
        ],
        [
          0.203259,
          -0.750042,
          -0.629383,
          0.0
        ],
        [
          -0.125579,
          -0.657462,
          0.742949,
          0.0
        ],
        [
          -1.42923,
          -2.65908,
          -5.33721,
          1.0
        ]
      ],
      "parent_index": 4,
      "billboard_type": "Disabled"
    },
    {
      "name": "FingerL10",
      "transform": [
        [
          1.0,
          0.0,
          0.0,
          0.0
        ],
        [
          0.0,
          1.0,
          0.0,
          0.0
        ],
        [
          0.0,
          0.0,
          1.0,
          0.0
        ],
        [
          0.05,
          0.0,
          0.0,
          1.0
        ]
      ],
      "parent_index": 13,
      "billboard_type": "Disabled"
    },
    {
      "name": "FingerL51",
      "transform": [
        [
          0.88872,
          0.234298,
          -0.394058,
          0.0
        ],
        [
          0.328146,
          0.275149,
          0.903666,
          0.0
        ],
        [
          0.320152,
          -0.932415,
          0.167646,
          0.0
        ],
        [
          0.443886,
          0.630463,
          -1.37625,
          1.0
        ]
      ],
      "parent_index": 61,
      "billboard_type": "Disabled"
    },
    {
      "name": "FingerL52",
      "transform": [
        [
          0.962502,
          0.228577,
          0.14609,
          0.0
        ],
        [
          -0.231056,
          0.972941,
          0.0,
          0.0
        ],
        [
          -0.142137,
          -0.0337551,
          0.989271,
          0.0
        ],
        [
          1.17285,
          0.0,
          0.0,
          1.0
        ]
      ],
      "parent_index": 62,
      "billboard_type": "Disabled"
    },
    {
      "name": "FingerL53",
      "transform": [
        [
          1.0,
          0.0,
          0.0,
          0.0
        ],
        [
          0.0,
          1.0,
          0.0,
          0.0
        ],
        [
          0.0,
          0.0,
          1.0,
          0.0
        ],
        [
          0.996121,
          0.0,
          0.0,
          1.0
        ]
      ],
      "parent_index": 63,
      "billboard_type": "Disabled"
    },
    {
      "name": "FingerL11",
      "transform": [
        [
          1.0,
          0.0,
          0.0,
          0.0
        ],
        [
          0.0,
          1.0,
          0.0,
          0.0
        ],
        [
          0.0,
          0.0,
          1.0,
          0.0
        ],
        [
          2.30034,
          -0.577388,
          0.0,
          1.0
        ]
      ],
      "parent_index": 61,
      "billboard_type": "Disabled"
    },
    {
      "name": "FingerL12",
      "transform": [
        [
          1.0,
          0.0,
          0.0,
          0.0
        ],
        [
          0.0,
          1.0,
          0.0,
          0.0
        ],
        [
          0.0,
          0.0,
          1.0,
          0.0
        ],
        [
          1.30908,
          0.0,
          0.0,
          1.0
        ]
      ],
      "parent_index": 65,
      "billboard_type": "Disabled"
    },
    {
      "name": "FingerL13",
      "transform": [
        [
          1.0,
          0.0,
          0.0,
          0.0
        ],
        [
          0.0,
          1.0,
          0.0,
          0.0
        ],
        [
          0.0,
          0.0,
          1.0,
          0.0
        ],
        [
          1.21288,
          0.0,
          0.0,
          1.0
        ]
      ],
      "parent_index": 66,
      "billboard_type": "Disabled"
    },
    {
      "name": "WristL",
      "transform": [
        [
          1.0,
          0.0,
          -0.00000194019,
          0.0
        ],
        [
          0.00000194019,
          -0.00000259404,
          1.0,
          0.0
        ],
        [
          0.0,
          -1.0,
          -0.00000259404,
          0.0
        ],
        [
          2.49081,
          0.0,
          0.0,
          1.0
        ]
      ],
      "parent_index": 12,
      "billboard_type": "Disabled"
    },
    {
      "name": "FingerR10",
      "transform": [
        [
          1.0,
          0.0,
          0.0,
          0.0
        ],
        [
          0.0,
          1.0,
          0.0,
          0.0
        ],
        [
          0.0,
          0.0,
          1.0,
          0.0
        ],
        [
          0.05,
          0.0,
          0.0,
          1.0
        ]
      ],
      "parent_index": 18,
      "billboard_type": "Disabled"
    },
    {
      "name": "FingerR11",
      "transform": [
        [
          1.0,
          0.0,
          0.0,
          0.0
        ],
        [
          0.0,
          1.0,
          0.0,
          0.0
        ],
        [
          0.0,
          0.0,
          1.0,
          0.0
        ],
        [
          2.30034,
          -0.577388,
          0.0,
          1.0
        ]
      ],
      "parent_index": 69,
      "billboard_type": "Disabled"
    },
    {
      "name": "FingerR12",
      "transform": [
        [
          1.0,
          0.0,
          0.0,
          0.0
        ],
        [
          0.0,
          1.0,
          0.0,
          0.0
        ],
        [
          0.0,
          0.0,
          1.0,
          0.0
        ],
        [
          1.30908,
          0.0,
          0.0,
          1.0
        ]
      ],
      "parent_index": 70,
      "billboard_type": "Disabled"
    },
    {
      "name": "FingerR13",
      "transform": [
        [
          1.0,
          0.0,
          0.0,
          0.0
        ],
        [
          0.0,
          1.0,
          0.0,
          0.0
        ],
        [
          0.0,
          0.0,
          1.0,
          0.0
        ],
        [
          1.21288,
          0.0,
          0.0,
          1.0
        ]
      ],
      "parent_index": 71,
      "billboard_type": "Disabled"
    },
    {
      "name": "FingerR51",
      "transform": [
        [
          0.88872,
          0.234298,
          0.394058,
          0.0
        ],
        [
          0.328146,
          0.275149,
          -0.903666,
          0.0
        ],
        [
          -0.320152,
          0.932415,
          0.167646,
          0.0
        ],
        [
          0.443886,
          0.630463,
          1.37625,
          1.0
        ]
      ],
      "parent_index": 69,
      "billboard_type": "Disabled"
    },
    {
      "name": "FingerR52",
      "transform": [
        [
          0.962502,
          0.228577,
          -0.14609,
          0.0
        ],
        [
          -0.231056,
          0.972941,
          0.0,
          0.0
        ],
        [
          0.142137,
          0.0337551,
          0.989271,
          0.0
        ],
        [
          1.17285,
          0.0,
          0.0,
          1.0
        ]
      ],
      "parent_index": 73,
      "billboard_type": "Disabled"
    },
    {
      "name": "FingerR53",
      "transform": [
        [
          1.0,
          0.0,
          0.0,
          0.0
        ],
        [
          0.0,
          1.0,
          0.0,
          0.0
        ],
        [
          0.0,
          0.0,
          1.0,
          0.0
        ],
        [
          0.996121,
          0.0,
          0.0,
          1.0
        ]
      ],
      "parent_index": 74,
      "billboard_type": "Disabled"
    },
    {
      "name": "WristR",
      "transform": [
        [
          1.0,
          0.0,
          0.0,
          0.0
        ],
        [
          0.0,
          -0.00000259403,
          -1.0,
          0.0
        ],
        [
          0.0,
          1.0,
          -0.00000259403,
          0.0
        ],
        [
          2.49083,
          0.0,
          0.0,
          1.0
        ]
      ],
      "parent_index": 17,
      "billboard_type": "Disabled"
    },
    {
      "name": "Waist2",
      "transform": [
        [
          0.999972,
          0.00743503,
          0.0,
          0.0
        ],
        [
          -0.00743503,
          0.999972,
          0.0,
          0.0
        ],
        [
          0.0,
          0.0,
          1.0,
          0.0
        ],
        [
          2.95977,
          0.0,
          0.0,
          1.0
        ]
      ],
      "parent_index": 2,
      "billboard_type": "Disabled"
    },
    {
      "name": "H_ClavicleL",
      "transform": [
        [
          0.135002,
          -0.335119,
          0.932454,
          0.0
        ],
        [
          0.0480184,
          0.942176,
          0.331661,
          0.0
        ],
        [
          -0.989681,
          0.0,
          0.143287,
          0.0
        ],
        [
          0.635744,
          1.27966,
          0.847668,
          1.0
        ]
      ],
      "parent_index": 4,
      "billboard_type": "Disabled"
    },
    {
      "name": "H_ClavicleR",
      "transform": [
        [
          0.134987,
          -0.335088,
          -0.932467,
          0.0
        ],
        [
          0.0480081,
          0.942187,
          -0.331631,
          0.0
        ],
        [
          0.989684,
          0.0,
          0.14327,
          0.0
        ],
        [
          0.635744,
          1.27966,
          -0.848,
          1.0
        ]
      ],
      "parent_index": 4,
      "billboard_type": "Disabled"
    },
    {
      "name": "H_SholderL",
      "transform": [
        [
          1.0,
          0.00000103705,
          -0.00000103704,
          0.0
        ],
        [
          -0.00000103705,
          1.0,
          0.00000170033,
          0.0
        ],
        [
          0.00000103704,
          -0.00000170033,
          1.0,
          0.0
        ],
        [
          0.05,
          0.0,
          0.0,
          1.0
        ]
      ],
      "parent_index": 11,
      "billboard_type": "Disabled"
    },
    {
      "name": "H_UparmtwistL",
      "transform": [
        [
          1.0,
          0.0,
          0.0,
          0.0
        ],
        [
          0.0,
          1.0,
          0.0,
          0.0
        ],
        [
          0.0,
          0.0,
          1.0,
          0.0
        ],
        [
          1.57603,
          0.0,
          0.0,
          1.0
        ]
      ],
      "parent_index": 11,
      "billboard_type": "Disabled"
    },
    {
      "name": "H_ElbowL",
      "transform": [
        [
          1.0,
          0.0,
          0.0,
          0.0
        ],
        [
          0.0,
          1.0,
          0.0,
          0.0
        ],
        [
          0.0,
          0.0,
          1.0,
          0.0
        ],
        [
          2.85,
          0.0,
          0.0,
          1.0
        ]
      ],
      "parent_index": 11,
      "billboard_type": "Disabled"
    },
    {
      "name": "H_SholderR",
      "transform": [
        [
          1.0,
          0.0,
          0.0,
          0.0
        ],
        [
          0.0,
          1.0,
          -0.00000169864,
          0.0
        ],
        [
          0.0,
          0.00000169864,
          1.0,
          0.0
        ],
        [
          0.05,
          0.0,
          0.0,
          1.0
        ]
      ],
      "parent_index": 16,
      "billboard_type": "Disabled"
    },
    {
