{
  "major_version": 1,
  "minor_version": 0,
  "bones": [
    {
      "name": "Trans",
      "transform": [
        [
          1.0,
          0.0,
          0.0,
          0.0
        ],
        [
          0.0,
          1.0,
          0.0,
          0.0
        ],
        [
          0.0,
          0.0,
          1.0,
          0.0
        ],
        [
          0.0,
          0.0,
          0.0,
          1.0
        ]
      ],
      "parent_index": null,
      "billboard_type": "Disabled"
    },
    {
      "name": "Rot",
      "transform": [
        [
          1.0,
          0.0,
          0.0,
          0.0
        ],
        [
          0.0,
          1.0,
          0.0,
          0.0
        ],
        [
          0.0,
          0.0,
          1.0,
          0.0
        ],
        [
          0.0,
          11.3,
          0.0,
          1.0
        ]
      ],
      "parent_index": 0,
      "billboard_type": "Disabled"
    },
    {
      "name": "Hip",
      "transform": [
        [
          0.0,
          0.998481,
          0.0551003,
          0.0
        ],
        [
          0.0,
          -0.0551003,
          0.998481,
          0.0
        ],
        [
          1.0,
          0.0,
          0.0,
          0.0
        ],
        [
          0.0,
          0.0,
          0.0,
          1.0
        ]
      ],
      "parent_index": 1,
      "billboard_type": "Disabled"
    },
    {
      "name": "LegC",
      "transform": [
        [
          0.998481,
          -0.0551003,
          0.0,
          0.0
        ],
        [
          0.0551003,
          0.998481,
          0.0,
          0.0
        ],
        [
          0.0,
          0.0,
          1.0,
          0.0
        ],
        [
          0.0,
          0.0,
          0.0,
          1.0
        ]
      ],
      "parent_index": 2,
      "billboard_type": "Disabled"
    },
    {
      "name": "LegL",
      "transform": [
        [
          -0.964649,
          0.0,
          0.263536,
          0.0
        ],
        [
          0.0,
          -1.0,
          0.0,
          0.0
        ],
        [
          0.263536,
          0.0,
          0.964649,
          0.0
        ],
        [
          0.0,
          0.0,
          1.054,
          1.0
        ]
      ],
      "parent_index": 3,
      "billboard_type": "Disabled"
    },
    {
      "name": "KneeL",
      "transform": [
        [
          1.0,
          0.0,
          0.0,
          0.0
        ],
        [
          0.0,
          1.0,
          0.0,
          0.0
        ],
        [
          0.0,
          0.0,
          1.0,
          0.0
        ],
        [
          4.84965,
          0.0,
          0.0059961,
          1.0
        ]
      ],
      "parent_index": 4,
      "billboard_type": "Disabled"
    },
    {
      "name": "FootL",
      "transform": [
        [
          1.0,
          0.0,
          0.0,
          0.0
        ],
        [
          0.0,
          1.0,
          0.0,
          0.0
        ],
        [
          0.0,
          0.0,
          1.0,
          0.0
        ],
        [
          5.247,
          0.0,
          0.0,
          1.0
        ]
      ],
      "parent_index": 5,
      "billboard_type": "Disabled"
    },
    {
      "name": "ToeL",
      "transform": [
        [
          0.0,
          -1.0,
          0.0,
          0.0
        ],
        [
          1.0,
          0.0,
          0.0,
          0.0
        ],
        [
          0.0,
          0.0,
          1.0,
          0.0
        ],
        [
          0.848,
          -1.378,
          0.0,
          1.0
        ]
      ],
      "parent_index": 6,
      "billboard_type": "Disabled"
    },
    {
      "name": "LegR",
      "transform": [
        [
          -0.964649,
          0.0,
          -0.263536,
          0.0
        ],
        [
          0.0,
          -1.0,
          0.0,
          0.0
        ],
        [
          -0.263536,
          0.0,
          0.964649,
          0.0
        ],
        [
          0.0,
          0.0,
          -1.054,
          1.0
        ]
      ],
      "parent_index": 3,
      "billboard_type": "Disabled"
    },
    {
      "name": "KneeR",
      "transform": [
        [
          1.0,
          0.0,
          0.0,
          0.0
        ],
        [
          0.0,
          1.0,
          0.0,
          0.0
        ],
        [
          0.0,
          0.0,
          1.0,
          0.0
        ],
        [
          4.84965,
          0.0,
          -0.0060039,
          1.0
        ]
      ],
      "parent_index": 8,
      "billboard_type": "Disabled"
    },
    {
      "name": "FootR",
      "transform": [
        [
          1.0,
          0.0,
          0.0,
          0.0
        ],
        [
          0.0,
          1.0,
          0.0,
          0.0
        ],
        [
          0.0,
          0.0,
          1.0,
          0.0
        ],
        [
          5.247,
          0.0,
          0.0,
          1.0
        ]
      ],
      "parent_index": 9,
      "billboard_type": "Disabled"
    },
    {
      "name": "ToeR",
      "transform": [
        [
          0.0,
          -1.0,
          0.0,
          0.0
        ],
        [
          1.0,
          0.0,
          0.0,
          0.0
        ],
        [
          0.0,
          0.0,
          1.0,
          0.0
        ],
        [
          0.848,
          -1.378,
          0.0,
          1.0
        ]
      ],
      "parent_index": 10,
      "billboard_type": "Disabled"
    },
    {
      "name": "Waist",
      "transform": [
        [
          0.998481,
          -0.0551003,
          0.0,
          0.0
        ],
        [
          0.0551003,
          0.998481,
          0.0,
          0.0
        ],
        [
          0.0,
          0.0,
          1.0,
          0.0
        ],
        [
          1.77204,
          0.0,
          0.0,
          1.0
        ]
      ],
      "parent_index": 2,
      "billboard_type": "Disabled"
    },
    {
      "name": "Bust",
      "transform": [
        [
          0.989253,
          -0.146213,
          0.0,
          0.0
        ],
        [
          0.146213,
          0.989253,
          0.0,
          0.0
        ],
        [
          0.0,
          0.0,
          1.0,
          0.0
        ],
        [
          1.7626,
          0.0,
          0.0,
          1.0
        ]
      ],
      "parent_index": 12,
      "billboard_type": "Disabled"
    },
    {
      "name": "Neck",
      "transform": [
        [
          0.95447,
          0.298307,
          0.0,
          0.0
        ],
        [
          -0.298307,
          0.95447,
          0.0,
          0.0
        ],
        [
          0.0,
          0.0,
          1.0,
          0.0
        ],
        [
          2.10923,
          0.0,
          0.0,
          1.0
        ]
      ],
      "parent_index": 13,
      "billboard_type": "Disabled"
    },
    {
      "name": "Head",
      "transform": [
        [
          0.987829,
          -0.155546,
          0.0,
          0.0
        ],
        [
          0.155546,
          0.987829,
          0.0000060834,
          0.0
        ],
        [
          0.0,
          -0.00000602233,
          1.0,
          0.0
        ],
        [
          1.35462,
          0.0,
          0.0,
          1.0
        ]
      ],
      "parent_index": 14,
      "billboard_type": "Disabled"
    },
    {
      "name": "Hat",
      "transform": [
        [
          0.0,
          0.0,
          1.0,
          0.0
        ],
        [
          1.0,
          0.0,
          0.0,
          0.0
        ],
        [
          0.0,
          1.0,
          0.0,
          0.0
        ],
        [
          1.2084,
          0.0,
          0.0,
          1.0
        ]
      ],
      "parent_index": 15,
      "billboard_type": "Disabled"
    },
    {
      "name": "Hair_top",
      "transform": [
        [
          0.0,
          0.0,
          1.0,
          0.0
        ],
        [
          1.0,
          0.0,
          0.0,
          0.0
        ],
        [
          0.0,
          1.0,
          0.0,
          0.0
        ],
        [
          1.2084,
          0.0,
          0.0,
          1.0
        ]
      ],
      "parent_index": 15,
      "billboard_type": "Disabled"
    },
    {
      "name": "ClavicleC",
      "transform": [
        [
          0.989253,
          0.146213,
          0.0,
          0.0
        ],
        [
          -0.146213,
          0.989253,
          0.0,
          0.0
        ],
        [
          0.0,
          0.0,
          1.0,
          0.0
        ],
        [
          1.37208,
          0.15767,
          0.0,
          1.0
        ]
      ],
      "parent_index": 13,
      "billboard_type": "Disabled"
    },
    {
      "name": "ClavicleL",
      "transform": [
        [
          0.0,
          0.0,
          1.0,
          0.0
        ],
        [
          0.0,
          1.0,
          0.0,
          0.0
        ],
        [
          -1.0,
          0.0,
          0.0,
          0.0
        ],
        [
          0.0,
          0.0,
          0.212,
          1.0
        ]
      ],
      "parent_index": 18,
      "billboard_type": "Disabled"
    },
    {
      "name": "ShoulderL",
      "transform": [
        [
          0.724256,
          0.0,
          0.689531,
          0.0
        ],
        [
          0.0,
          1.0,
          0.0,
          0.0
        ],
        [
          -0.689531,
          0.0,
          0.724256,
          0.0
        ],
        [
          2.19603,
          -0.4028,
          0.0,
          1.0
        ]
      ],
      "parent_index": 19,
      "billboard_type": "Disabled"
    },
    {
      "name": "ArmL",
      "transform": [
        [
          1.0,
          0.0,
          0.0,
          0.0
        ],
        [
          0.0,
          1.0,
          0.0,
          0.0
        ],
        [
          0.0,
          0.0,
          1.0,
          0.0
        ],
        [
          2.89777,
          0.0,
          0.0,
          1.0
        ]
      ],
      "parent_index": 20,
      "billboard_type": "Disabled"
    },
    {
      "name": "HandL",
      "transform": [
        [
          1.0,
          0.0,
          0.0,
          0.0
        ],
        [
          0.0,
          0.0,
          1.0,
          0.0
        ],
        [
          0.0,
          -1.0,
          0.0,
          0.0
        ],
        [
          3.01683,
          0.0,
          0.0,
          1.0
        ]
      ],
      "parent_index": 21,
      "billboard_type": "Disabled"
    },
    {
      "name": "HaveL",
      "transform": [
        [
          0.0,
          -1.0,
          0.0,
          0.0
        ],
        [
          0.0,
          0.0,
          -1.0,
          0.0
        ],
        [
          1.0,
          0.0,
          0.0,
          0.0
        ],
        [
          1.11,
          0.58,
          0.0,
          1.0
        ]
      ],
      "parent_index": 22,
      "billboard_type": "Disabled"
    },
    {
      "name": "ClavicleR",
      "transform": [
        [
          0.0,
          0.0,
          -1.0,
          0.0
        ],
        [
          0.0,
          1.0,
          0.0,
          0.0
        ],
        [
          1.0,
          0.0,
          0.0,
          0.0
        ],
        [
          0.0,
          0.0,
          -0.212,
          1.0
        ]
      ],
      "parent_index": 18,
      "billboard_type": "Disabled"
    },
    {
      "name": "ShoulderR",
      "transform": [
        [
          0.724256,
          0.0,
          -0.689531,
          0.0
        ],
        [
          0.0,
          1.0,
          0.0,
          0.0
        ],
        [
          0.689531,
          0.0,
          0.724256,
          0.0
        ],
        [
          2.196,
          -0.4028,
          0.0,
          1.0
        ]
      ],
      "parent_index": 24,
      "billboard_type": "Disabled"
    },
    {
      "name": "ArmR",
      "transform": [
        [
          1.0,
          0.0,
          0.0,
          0.0
        ],
        [
          0.0,
          1.0,
          0.0,
          0.0
        ],
        [
          0.0,
          0.0,
          1.0,
          0.0
        ],
        [
          2.898,
          0.0,
          0.0,
          1.0
        ]
      ],
      "parent_index": 25,
      "billboard_type": "Disabled"
    },
    {
      "name": "HandR",
      "transform": [
        [
          1.0,
          0.0,
          0.0,
          0.0
        ],
        [
          0.0,
          0.0,
          -1.0,
          0.0
        ],
        [
          0.0,
          1.0,
          0.0,
          0.0
        ],
        [
          3.017,
          0.0,
          0.0,
          1.0
        ]
      ],
      "parent_index": 26,
      "billboard_type": "Disabled"
    },
    {
      "name": "HaveR",
      "transform": [
        [
          0.0,
          1.0,
          0.0,
          0.0
        ],
        [
          0.0,
          0.0,
          1.0,
          0.0
        ],
        [
          1.0,
          0.0,
          0.0,
          0.0
        ],
        [
          1.11,
          0.58,
          0.0,
          1.0
        ]
      ],
      "parent_index": 27,
      "billboard_type": "Disabled"
    },
    {
      "name": "VestFFR",
      "transform": [
        [
          -0.794415,
          -0.607376,
          0.0,
          0.0
        ],
        [
          -0.574285,
          0.751134,
          -0.325568,
          0.0
        ],
        [
          0.197742,
          -0.258636,
          -0.945519,
          0.0
        ],
        [
          0.121549,
          1.8,
          -1.09,
          1.0
        ]
      ],
      "parent_index": 13,
      "billboard_type": "Disabled"
    },
    {
      "name": "VestFR",
      "transform": [
        [
          -0.860646,
          -0.230609,
          0.45399,
          0.0
        ],
        [
          -0.503545,
          0.252897,
          -0.826127,
          0.0
        ],
        [
          0.0756999,
          -0.939608,
          -0.333777,
          0.0
        ],
        [
          0.159349,
          0.48,
          -2.1,
          1.0
        ]
      ],
      "parent_index": 13,
      "billboard_type": "Disabled"
    },
    {
      "name": "VestFFL",
      "transform": [
        [
          -0.794415,
          -0.607376,
          0.0,
          0.0
        ],
        [
          -0.574285,
          0.751134,
          0.325568,
          0.0
        ],
        [
          -0.197742,
          0.258636,
          -0.945519,
          0.0
        ],
        [
          0.121879,
          1.8,
          1.09,
          1.0
        ]
      ],
      "parent_index": 13,
      "billboard_type": "Disabled"
    },
    {
      "name": "VestFL",
      "transform": [
        [
          -0.860646,
          -0.230609,
          -0.45399,
          0.0
        ],
        [
          -0.503545,
          0.252897,
          0.826127,
          0.0
        ],
        [
          -0.0756999,
          0.939608,
          -0.333777,
          0.0
        ],
        [
          0.159832,
          0.48,
          2.1,
          1.0
        ]
      ],
      "parent_index": 13,
      "billboard_type": "Disabled"
    },
    {
      "name": "VestBL",
      "transform": [
        [
          -0.765578,
          -0.0267346,
          -0.642788,
          0.0
        ],
        [
          -0.556535,
          -0.473702,
          0.682551,
          0.0
        ],
        [
          -0.322737,
          0.880279,
          0.347777,
          0.0
        ],
        [
          0.00292489,
          -0.847857,
          2.04882,
          1.0
        ]
      ],
      "parent_index": 13,
      "billboard_type": "Disabled"
    },
    {
      "name": "VestBR",
      "transform": [
        [
          -0.765578,
          -0.0267346,
          0.642788,
          0.0
        ],
        [
          -0.556535,
          -0.473702,
          -0.682551,
          0.0
        ],
        [
          0.322737,
          -0.880279,
          0.347777,
          0.0
        ],
        [
          0.0031188,
          -0.8483,
          -2.049,
          1.0
        ]
      ],
      "parent_index": 13,
      "billboard_type": "Disabled"
    },
    {
      "name": "CollarB",
      "transform": [
        [
          0.984808,
          0.173648,
          0.0,
          0.0
        ],
        [
          0.173648,
          -0.984808,
          0.0,
          0.0
        ],
        [
          0.0,
          0.0,
          -1.0,
          0.0
        ],
        [
          2.7,
          -0.9,
          0.0,
          1.0
        ]
      ],
      "parent_index": 13,
      "billboard_type": "Disabled"
    },
    {
      "name": "CollarBL",
      "transform": [
        [
          0.925417,
          0.336824,
          -0.173648,
          0.0
        ],
        [
          0.163176,
          0.0593912,
          0.984808,
          0.0
        ],
        [
          0.34202,
          -0.939693,
          0.0,
          0.0
        ],
        [
          2.65,
          -0.1,
          1.1,
          1.0
        ]
      ],
      "parent_index": 13,
      "billboard_type": "Disabled"
    },
    {
      "name": "CollarBR",
      "transform": [
        [
          0.925417,
          0.336824,
          0.173648,
          0.0
        ],
        [
          0.163176,
          0.0593912,
          -0.984808,
          0.0
        ],
        [
          -0.34202,
          0.939693,
          0.0,
          0.0
        ],
        [
          2.65,
          -0.1,
          -1.1,
          1.0
        ]
      ],
      "parent_index": 13,
      "billboard_type": "Disabled"
    },
    {
      "name": "Throw",
      "transform": [
        [
          1.0,
          0.0,
          0.0,
          0.0
        ],
        [
          0.0,
          1.0,
          0.0,
          0.0
        ],
        [
          0.0,
          0.0,
          1.0,
          0.0
        ],
        [
          0.0,
          -11.3,
          0.0,
          1.0
        ]
      ],
      "parent_index": 1,
      "billboard_type": "Disabled"
    },
    {
      "name": "S_HairB1",
      "transform": [
        [
          -0.258819,
          -0.965926,
          0.0,
          0.0
        ],
        [
          0.965926,
          -0.258819,
          0.0,
          0.0
        ],
        [
          0.0,
          0.0,
          1.0,
          0.0
        ],
        [
          0.244856,
          -1.1589,
          0.0,
          1.0
        ]
      ],
      "parent_index": 15,
      "billboard_type": "Disabled"
    },
    {
      "name": "S_HairB2",
      "transform": [
        [
          1.0,
          0.0,
          0.0,
          0.0
        ],
        [
          0.0,
          1.0,
          0.0,
          0.0
        ],
        [
          0.0,
          0.0,
          1.0,
          0.0
        ],
        [
          1.95,
          0.0,
          0.0,
          1.0
        ]
      ],
      "parent_index": 39,
      "billboard_type": "Disabled"
    },
    {
      "name": "S_HairB3",
      "transform": [
        [
          1.0,
          0.0,
          0.0,
          0.0
        ],
        [
          0.0,
          1.0,
          0.0,
          0.0
        ],
        [
          0.0,
          0.0,
          1.0,
          0.0
        ],
        [
          1.95,
          0.0,
          0.0,
          1.0
        ]
      ],
      "parent_index": 40,
      "billboard_type": "Disabled"
    },
    {
      "name": "S_HairB4",
      "transform": [
        [
          1.0,
          0.0,
          0.0,
          0.0
        ],
        [
          0.0,
          1.0,
          0.0,
          0.0
        ],
        [
          0.0,
          0.0,
          1.0,
          0.0
        ],
        [
          1.95,
          0.0,
          0.0,
          1.0
        ]
      ],
      "parent_index": 41,
      "billboard_type": "Disabled"
    },
    {
      "name": "S_HairB5_null",
      "transform": [
        [
          1.0,
          0.0,
          0.0,
          0.0
        ],
        [
          0.0,
          1.0,
          0.0,
          0.0
        ],
        [
          0.0,
          0.0,
          1.0,
          0.0
        ],
        [
          1.7,
          0.0,
          0.0,
          1.0
        ]
      ],
      "parent_index": 42,
      "billboard_type": "Disabled"
    },
    {
      "name": "S_HairL1",
      "transform": [
        [
          -0.997469,
          0.0,
          -0.0711013,
          0.0
        ],
        [
          -0.0711013,
          0.0,
          0.997469,
          0.0
        ],
        [
          0.0,
          1.0,
          0.0,
          0.0
        ],
        [
          0.654674,
          0.557742,
          0.792534,
          1.0
        ]
      ],
      "parent_index": 15,
      "billboard_type": "Disabled"
    },
    {
      "name": "S_HairL2_null",
      "transform": [
        [
          1.0,
          0.0,
          0.0,
          0.0
        ],
        [
          0.0,
          1.0,
          0.0,
          0.0
        ],
        [
          0.0,
          0.0,
          1.0,
          0.0
        ],
        [
          0.831448,
          0.0,
          0.0,
          1.0
        ]
      ],
      "parent_index": 44,
      "billboard_type": "Disabled"
    },
    {
      "name": "S_HairR1",
      "transform": [
        [
          -0.997469,
          0.0,
          0.071097,
          0.0
        ],
        [
          -0.071097,
          0.0,
          -0.997469,
          0.0
        ],
        [
          0.0,
          -1.0,
          0.0,
          0.0
        ],
        [
          0.655,
          0.558,
          -0.793,
          1.0
        ]
      ],
      "parent_index": 15,
      "billboard_type": "Disabled"
    },
    {
      "name": "S_HairR2_null",
      "transform": [
        [
          1.0,
          0.0,
          0.0,
          0.0
        ],
        [
          0.0,
          1.0,
          0.0,
          0.0
        ],
        [
          0.0,
          0.0,
          1.0,
          0.0
        ],
        [
          0.831418,
          0.0,
          0.0,
          1.0
        ]
      ],
      "parent_index": 46,
      "billboard_type": "Disabled"
    },
    {
      "name": "S_HairF1",
      "transform": [
        [
          -1.0,
          0.0,
          0.0,
          0.0
        ],
        [
          0.0,
          1.0,
          -0.0000060834,
          0.0
        ],
        [
          0.0,
          -0.0000060834,
          -1.0,
          0.0
        ],
        [
          0.936888,
          1.19642,
          0.0,
          1.0
        ]
      ],
      "parent_index": 15,
      "billboard_type": "Disabled"
    },
    {
      "name": "S_HairF2_null",
      "transform": [
        [
          1.0,
          0.0,
          0.0,
          0.0
        ],
        [
          0.0,
          1.0,
          0.0,
          0.0
        ],
        [
          0.0,
          0.0,
          1.0,
          0.0
        ],
        [
          0.762164,
          0.0197388,
          0.0,
          1.0
        ]
      ],
      "parent_index": 48,
      "billboard_type": "Disabled"
    },
    {
      "name": "S_SleeveL",
      "transform": [
        [
          0.838671,
          0.0,
          -0.544639,
          0.0
        ],
        [
          -0.544121,
          0.0436194,
          -0.837872,
          0.0
        ],
        [
          0.0237568,
          0.999048,
          0.0365823,
          0.0
        ],
        [
          1.65707,
          -0.263111,
          -1.10782,
          1.0
        ]
      ],
      "parent_index": 19,
      "billboard_type": "Disabled"
    },
    {
      "name": "S_SleeveL_null",
      "transform": [
        [
          1.0,
          0.0,
          0.0,
          0.0
        ],
        [
          0.0,
          1.0,
          0.0,
          0.0
        ],
        [
          0.0,
          0.0,
          1.0,
          0.0
        ],
        [
          0.9,
          0.0,
          0.0,
          1.0
        ]
      ],
      "parent_index": 50,
      "billboard_type": "Disabled"
    },
    {
      "name": "S_SleeveBL",
      "transform": [
        [
          0.839097,
          -0.438371,
          -0.322099,
          0.0
        ],
        [
          -0.522364,
          -0.814584,
          -0.252169,
          0.0
        ],
        [
          -0.151833,
          0.379847,
          -0.912504,
          0.0
        ],
        [
          1.74643,
          -1.32446,
          -0.512978,
          1.0
        ]
      ],
      "parent_index": 19,
      "billboard_type": "Disabled"
    },
    {
      "name": "S_SleeveBL_null",
      "transform": [
        [
          1.0,
          0.0,
          0.0,
          0.0
        ],
        [
          0.0,
          1.0,
          0.0,
          0.0
        ],
        [
          0.0,
          0.0,
          1.0,
          0.0
        ],
        [
          0.9,
          0.0,
          0.0,
          1.0
        ]
      ],
      "parent_index": 52,
      "billboard_type": "Disabled"
    },
    {
      "name": "S_SleeveFL",
      "transform": [
        [
          0.87667,
          0.325568,
          -0.354198,
          0.0
        ],
        [
          -0.424235,
          0.870354,
          -0.250015,
          0.0
        ],
        [
          0.22688,
          0.369444,
          0.901131,
          0.0
        ],
        [
          1.72693,
          0.731107,
          -0.470229,
          1.0
        ]
      ],
      "parent_index": 19,
      "billboard_type": "Disabled"
    },
    {
      "name": "S_SleeveFL_null",
      "transform": [
        [
          1.0,
          0.0,
          0.0,
          0.0
        ],
        [
          0.0,
          1.0,
          0.0,
          0.0
        ],
        [
          0.0,
          0.0,
          1.0,
          0.0
        ],
        [
          0.9,
          0.0,
          0.0,
          1.0
        ]
      ],
      "parent_index": 54,
      "billboard_type": "Disabled"
    },
    {
      "name": "S_SleeveFR",
      "transform": [
        [
          0.87667,
          0.325568,
          0.354198,
          0.0
        ],
        [
          -0.424235,
          0.870354,
          0.250015,
          0.0
        ],
        [
          -0.22688,
          -0.369444,
          0.901131,
          0.0
        ],
        [
          1.72693,
          0.731107,
          0.470264,
          1.0
        ]
      ],
      "parent_index": 24,
      "billboard_type": "Disabled"
    },
    {
      "name": "S_SleeveFR_null",
      "transform": [
        [
          1.0,
          0.0,
          0.0,
          0.0
        ],
        [
          0.0,
          1.0,
          0.0,
          0.0
        ],
        [
          0.0,
          0.0,
          1.0,
          0.0
        ],
        [
          0.9,
          0.0,
          0.0,
          1.0
        ]
      ],
      "parent_index": 56,
      "billboard_type": "Disabled"
    },
    {
      "name": "S_SleeveR",
      "transform": [
        [
          0.838671,
          0.0,
          0.544639,
          0.0
        ],
        [
          -0.544121,
          0.0436194,
          0.837872,
          0.0
        ],
        [
          -0.0237568,
          -0.999048,
          0.0365823,
          0.0
        ],
        [
          1.65707,
          -0.263111,
          1.10786,
          1.0
        ]
      ],
      "parent_index": 24,
      "billboard_type": "Disabled"
    },
    {
      "name": "S_SleeveR_null",
      "transform": [
        [
          1.0,
          0.0,
          0.0,
          0.0
        ],
        [
          0.0,
          1.0,
          0.0,
          0.0
        ],
        [
          0.0,
          0.0,
          1.0,
          0.0
        ],
        [
          0.9,
          0.0,
          0.0,
          1.0
        ]
      ],
      "parent_index": 58,
      "billboard_type": "Disabled"
    },
    {
      "name": "S_SleeveBR",
      "transform": [
        [
          0.839097,
          -0.438371,
          0.322099,
          0.0
        ],
        [
          -0.522364,
          -0.814584,
          0.252169,
          0.0
        ],
        [
          0.151833,
          -0.379847,
          -0.912504,
          0.0
        ],
        [
          1.74643,
          -1.32446,
          0.512964,
          1.0
        ]
      ],
      "parent_index": 24,
      "billboard_type": "Disabled"
    },
    {
      "name": "S_SleeveBR_null",
      "transform": [
        [
          1.0,
          0.0,
          0.0,
          0.0
        ],
        [
          0.0,
          1.0,
          0.0,
          0.0
        ],
        [
          0.0,
          0.0,
          1.0,
          0.0
        ],
        [
          0.9,
          0.0,
          0.0,
          1.0
        ]
      ],
      "parent_index": 60,
      "billboard_type": "Disabled"
    },
    {
      "name": "S_CollarL",
      "transform": [
        [
          0.887197,
          0.45205,
          0.0923706,
          0.0
        ],
        [
          -0.152309,
          0.0979651,
          0.983466,
          0.0
        ],
        [
          0.435526,
          -0.886597,
          0.155766,
          0.0
        ],
        [
          2.0,
          1.0,
          0.84283,
          1.0
        ]
      ],
      "parent_index": 13,
      "billboard_type": "Disabled"
    },
    {
      "name": "S_CollorL1_null",
      "transform": [
        [
          1.0,
          0.0,
          0.0,
          0.0
        ],
        [
          0.0,
          1.0,
          0.0,
          0.0
        ],
        [
          0.0,
          0.0,
          1.0,
          0.0
        ],
        [
          1.0,
          0.0,
          0.0,
          1.0
        ]
      ],
      "parent_index": 62,
      "billboard_type": "Disabled"
    },
    {
      "name": "S_CollarR",
      "transform": [
        [
          0.887197,
          0.45205,
          -0.0923706,
          0.0
        ],
        [
          -0.152309,
          0.0979651,
          -0.983466,
          0.0
        ],
        [
          -0.435526,
          0.886597,
          0.155766,
          0.0
        ],
        [
          2.0,
          1.0,
          -0.843,
          1.0
        ]
      ],
      "parent_index": 13,
      "billboard_type": "Disabled"
    },
    {
      "name": "S_CollorR1_null",
      "transform": [
        [
          1.0,
          0.0,
          0.0,
          0.0
        ],
        [
          0.0,
          1.0,
          0.0,
          0.0
        ],
        [
          0.0,
          0.0,
          1.0,
          0.0
        ],
        [
          1.0,
          0.0,
          0.0,
          1.0
        ]
      ],
      "parent_index": 64,
      "billboard_type": "Disabled"
    },
    {
      "name": "S_VestFFR1",
      "transform": [
        [
          0.887275,
          0.446225,
          -0.116737,
          0.0
        ],
        [
          -0.443044,
          0.89491,
          0.0533649,
          0.0
        ],
        [
          0.128282,
          0.00437029,
          0.991728,
          0.0
        ],
        [
          0.951282,
          -0.00188261,
          -0.00463987,
          1.0
        ]
      ],
      "parent_index": 29,
      "billboard_type": "Disabled"
    },
    {
      "name": "S_VestFFR2",
      "transform": [
        [
          0.9865,
          0.138644,
          0.0871557,
          0.0
        ],
        [
          -0.14983,
          0.978943,
          0.138644,
          0.0
        ],
        [
          -0.0660985,
          -0.14983,
          0.9865,
          0.0
        ],
        [
          0.967,
          0.0,
          0.0,
          1.0
        ]
      ],
      "parent_index": 66,
      "billboard_type": "Disabled"
    },
    {
      "name": "S_VestFFR3_null",
      "transform": [
        [
          1.0,
          0.0,
          0.0,
          0.0
        ],
        [
          0.0,
          1.0,
          0.0,
          0.0
        ],
        [
          0.0,
          0.0,
          1.0,
          0.0
        ],
        [
          1.19,
          0.0,
          0.0,
          1.0
        ]
      ],
      "parent_index": 67,
      "billboard_type": "Disabled"
    },
    {
      "name": "S_VestFR1",
      "transform": [
        [
          0.848517,
          0.525457,
          0.0625609,
          0.0
        ],
        [
          -0.523427,
          0.850793,
          -0.0466434,
          0.0
        ],
        [
          -0.0777354,
          0.00683166,
          0.996951,
          0.0
        ],
        [
          0.963243,
          -0.0138103,
          -0.00385849,
          1.0
        ]
      ],
      "parent_index": 30,
      "billboard_type": "Disabled"
    },
    {
      "name": "S_VestFR2",
      "transform": [
        [
          0.996195,
          0.0871557,
          0.0,
          0.0
        ],
        [
          -0.0871557,
          0.996195,
          0.0,
          0.0
        ],
        [
          0.0,
          0.0,
          1.0,
          0.0
        ],
        [
          0.855,
          0.0,
          0.0,
          1.0
        ]
      ],
      "parent_index": 69,
      "billboard_type": "Disabled"
    },
    {
      "name": "S_VestFR3_null",
      "transform": [
        [
          1.0,
          0.0,
          0.0,
          0.0
        ],
        [
          0.0,
          1.0,
          0.0,
          0.0
        ],
        [
          0.0,
          0.0,
          1.0,
          0.0
        ],
        [
          1.09,
          0.0,
          0.0,
          1.0
        ]
      ],
      "parent_index": 70,
      "billboard_type": "Disabled"
    },
    {
      "name": "S_VestFFL1",
      "transform": [
        [
          0.887275,
          0.446225,
          0.116737,
          0.0
        ],
        [
          -0.443044,
          0.89491,
          -0.0533649,
          0.0
        ],
        [
          -0.128282,
          -0.00437029,
          0.991728,
          0.0
        ],
        [
          0.951545,
          -0.00169302,
          0.00470515,
          1.0
        ]
      ],
      "parent_index": 31,
      "billboard_type": "Disabled"
    },
    {
      "name": "S_VestFFL2",
      "transform": [
        [
          0.9865,
          0.138644,
          -0.0871557,
          0.0
        ],
        [
          -0.14983,
          0.978943,
          -0.138644,
          0.0
        ],
        [
          0.0660985,
          0.14983,
          0.9865,
          0.0
        ],
        [
          0.967,
          0.0,
          0.0,
          1.0
        ]
      ],
      "parent_index": 72,
      "billboard_type": "Disabled"
    },
    {
      "name": "S_VestFFL3_null",
      "transform": [
        [
          1.0,
          0.0,
          0.0,
          0.0
        ],
        [
          0.0,
          1.0,
          0.0,
          0.0
        ],
        [
          0.0,
          0.0,
          1.0,
          0.0
        ],
        [
          1.19,
          0.0,
          0.0,
          1.0
        ]
      ],
      "parent_index": 73,
      "billboard_type": "Disabled"
    },
    {
      "name": "S_VestFL1",
      "transform": [
        [
          0.848517,
          0.525457,
          -0.0625609,
          0.0
        ],
        [
          -0.523427,
          0.850793,
          0.0466434,
          0.0
        ],
        [
          0.0777354,
          -0.00683166,
          0.996951,
          0.0
        ],
        [
          0.963658,
          -0.0135671,
          0.00389506,
          1.0
        ]
      ],
      "parent_index": 32,
      "billboard_type": "Disabled"
    },
    {
      "name": "S_VestFL2",
      "transform": [
        [
          0.996195,
          0.0871557,
          0.0,
          0.0
        ],
        [
          -0.0871557,
          0.996195,
          0.0,
          0.0
        ],
        [
          0.0,
          0.0,
          1.0,
          0.0
        ],
        [
          0.855,
          0.0,
          0.0,
          1.0
        ]
      ],
      "parent_index": 75,
      "billboard_type": "Disabled"
    },
    {
      "name": "S_VestFL3_null",
      "transform": [
        [
          1.0,
          0.0,
          0.0,
          0.0
        ],
        [
          0.0,
          1.0,
          0.0,
          0.0
        ],
        [
          0.0,
          0.0,
          1.0,
          0.0
        ],
        [
          1.09,
          0.0,
          0.0,
          1.0
        ]
      ],
      "parent_index": 76,
      "billboard_type": "Disabled"
    },
    {
      "name": "S_VestBL1",
      "transform": [
        [
          0.750514,
          0.628864,
          0.203125,
          0.0
        ],
        [
          -0.608137,
          0.777508,
          -0.160156,
          0.0
        ],
        [
          -0.258647,
          -0.00332884,
          0.965966,
          0.0
        ],
        [
          0.650862,
          -0.00176423,
          0.00502345,
          1.0
        ]
      ],
      "parent_index": 33,
      "billboard_type": "Disabled"
    },
    {
      "name": "S_VestBL2",
      "transform": [
        [
          0.992546,
          0.121869,
          0.0,
          0.0
        ],
        [
          -0.121869,
          0.992546,
          0.0,
          0.0
        ],
        [
          0.0,
          0.0,
          1.0,
          0.0
        ],
        [
          0.92,
          0.0,
          0.0,
          1.0
        ]
      ],
      "parent_index": 78,
      "billboard_type": "Disabled"
    },
    {
      "name": "S_VestBL3_null",
      "transform": [
        [
          1.0,
          0.0,
          0.0,
          0.0
        ],
        [
          0.0,
          1.0,
          0.0,
          0.0
        ],
        [
          0.0,
          0.0,
          1.0,
          0.0
        ],
        [
          1.053,
          0.0,
          0.0,
          1.0
        ]
      ],
      "parent_index": 79,
      "billboard_type": "Disabled"
    },
    {
      "name": "S_VestBR1",
      "transform": [
        [
          0.750514,
          0.628864,
          -0.203125,
          0.0
        ],
        [
          -0.608137,
          0.777508,
          0.160156,
          0.0
        ],
        [
          0.258647,
          0.00332884,
          0.965966,
          0.0
        ],
        [
          0.651112,
          -0.00198692,
          -0.0054146,
          1.0
        ]
      ],
      "parent_index": 34,
      "billboard_type": "Disabled"
    },
    {
      "name": "S_VestBR2",
      "transform": [
        [
          0.992546,
          0.121869,
          0.0,
          0.0
        ],
        [
          -0.121869,
          0.992546,
          0.0,
          0.0
        ],
        [
          0.0,
          0.0,
          1.0,
          0.0
        ],
        [
          0.92,
          0.0,
          0.0,
          1.0
        ]
      ],
      "parent_index": 81,
      "billboard_type": "Disabled"
    },
    {
      "name": "S_VestBR3_null",
      "transform": [
        [
          1.0,
          0.0,
          0.0,
          0.0
        ],
        [
          0.0,
          1.0,
          0.0,
          0.0
        ],
        [
          0.0,
          0.0,
          1.0,
          0.0
        ],
        [
          1.053,
          0.0,
          0.0,
          1.0
        ]
      ],
      "parent_index": 82,
      "billboard_type": "Disabled"
    },
    {
      "name": "S_VestBBR1",
      "transform": [
        [
          -0.984808,
