{
  "major_version": 1,
  "minor_version": 0,
  "bones": [
    {
      "name": "Trans",
      "transform": [
        [
          1.0,
          0.0,
          0.0,
          0.0
        ],
        [
          0.0,
          1.0,
          0.0,
          0.0
        ],
        [
          0.0,
          0.0,
          1.0,
          0.0
        ],
        [
          0.0,
          0.0,
          0.0,
          1.0
        ]
      ],
      "parent_index": null,
      "billboard_type": "Disabled"
    },
    {
      "name": "Rot",
      "transform": [
        [
          1.0,
          0.0,
          0.0,
          0.0
        ],
        [
          0.0,
          1.0,
          0.0,
          0.0
        ],
        [
          0.0,
          0.0,
          1.0,
          0.0
        ],
        [
          0.0,
          9.42386,
          -0.173562,
          1.0
        ]
      ],
      "parent_index": 0,
      "billboard_type": "Disabled"
    },
    {
      "name": "Hip",
      "transform": [
        [
          0.0,
          0.995474,
          0.09503,
          0.0
        ],
        [
          0.0,
          -0.09503,
          0.995474,
          0.0
        ],
        [
          1.0,
          0.0,
          0.0,
          0.0
        ],
        [
          0.0,
          0.0,
          0.0,
          1.0
        ]
      ],
      "parent_index": 1,
      "billboard_type": "Disabled"
    },
    {
      "name": "Waist",
      "transform": [
        [
          0.971182,
          -0.238341,
          0.0,
          0.0
        ],
        [
          0.238341,
          0.971182,
          0.0,
          0.0
        ],
        [
          0.0,
          0.0,
          1.0,
          0.0
        ],
        [
          1.33177,
          0.0,
          0.0,
          1.0
        ]
      ],
      "parent_index": 2,
      "billboard_type": "Disabled"
    },
    {
      "name": "Bust",
      "transform": [
        [
          0.998993,
          -0.044864,
          0.0,
          0.0
        ],
        [
          0.044864,
          0.998993,
          0.0,
          0.0
        ],
        [
          0.0,
          0.0,
          1.0,
          0.0
        ],
        [
          1.45974,
          0.0,
          0.0,
          1.0
        ]
      ],
      "parent_index": 3,
      "billboard_type": "Disabled"
    },
    {
      "name": "Neck",
      "transform": [
        [
          0.955833,
          0.29391,
          0.0,
          0.0
        ],
        [
          -0.29391,
          0.955833,
          0.0,
          0.0
        ],
        [
          0.0,
          0.0,
          1.0,
          0.0
        ],
        [
          1.88203,
          0.0,
          0.0,
          1.0
        ]
      ],
      "parent_index": 4,
      "billboard_type": "Disabled"
    },
    {
      "name": "Head",
      "transform": [
        [
          0.994179,
          -0.107743,
          0.0,
          0.0
        ],
        [
          0.107743,
          0.994179,
          0.0,
          0.0
        ],
        [
          0.0,
          0.0,
          1.0,
          0.0
        ],
        [
          0.940671,
          0.0,
          0.0,
          1.0
        ]
      ],
      "parent_index": 5,
      "billboard_type": "Disabled"
    },
    {
      "name": "ClavicleC",
      "transform": [
        [
          0.981936,
          0.189215,
          0.0,
          0.0
        ],
        [
          -0.189215,
          0.981936,
          0.0,
          0.0
        ],
        [
          0.0,
          0.0,
          1.0,
          0.0
        ],
        [
          1.50569,
          -0.0716623,
          0.0,
          1.0
        ]
      ],
      "parent_index": 4,
      "billboard_type": "Disabled"
    },
    {
      "name": "ClavicleL",
      "transform": [
        [
          0.0,
          0.0,
          1.0,
          0.0
        ],
        [
          0.0,
          1.0,
          0.0,
          0.0
        ],
        [
          -1.0,
          0.0,
          0.0,
          0.0
        ],
        [
          0.0,
          0.0,
          0.335106,
          1.0
        ]
      ],
      "parent_index": 7,
      "billboard_type": "Disabled"
    },
    {
      "name": "ShoulderL",
      "transform": [
        [
          1.0,
          0.0,
          0.0,
          0.0
        ],
        [
          0.0,
          1.0,
          0.0,
          0.0
        ],
        [
          0.0,
          0.0,
          1.0,
          0.0
        ],
        [
          0.966984,
          0.0,
          0.204534,
          1.0
        ]
      ],
      "parent_index": 8,
      "billboard_type": "Disabled"
    },
    {
      "name": "ArmL",
      "transform": [
        [
          1.0,
          0.0,
          0.0,
          0.0
        ],
        [
          0.0,
          1.0,
          0.0,
          0.0
        ],
        [
          0.0,
          0.0,
          1.0,
          0.0
        ],
        [
          2.42136,
          0.0,
          0.0,
          1.0
        ]
      ],
      "parent_index": 9,
      "billboard_type": "Disabled"
    },
    {
      "name": "HandL",
      "transform": [
        [
          1.0,
          0.0,
          0.0,
          0.0
        ],
        [
          0.0,
          0.0,
          1.0,
          0.0
        ],
        [
          0.0,
          -1.0,
          0.0,
          0.0
        ],
        [
          2.06183,
          0.0,
          0.0,
          1.0
        ]
      ],
      "parent_index": 10,
      "billboard_type": "Disabled"
    },
    {
      "name": "HaveL",
      "transform": [
        [
          0.0,
          -1.0,
          0.0,
          0.0
        ],
        [
          0.0,
          0.0,
          -1.0,
          0.0
        ],
        [
          1.0,
          0.0,
          0.0,
          0.0
        ],
        [
          0.83117,
          0.2703,
          0.0,
          1.0
        ]
      ],
      "parent_index": 11,
      "billboard_type": "Disabled"
    },
    {
      "name": "ClavicleR",
      "transform": [
        [
          0.0,
          0.0,
          -1.0,
          0.0
        ],
        [
          0.0,
          1.0,
          0.0,
          0.0
        ],
        [
          1.0,
          0.0,
          0.0,
          0.0
        ],
        [
          0.0,
          0.0,
          -0.335106,
          1.0
        ]
      ],
      "parent_index": 7,
      "billboard_type": "Disabled"
    },
    {
      "name": "ShoulderR",
      "transform": [
        [
          1.0,
          0.0,
          0.0,
          0.0
        ],
        [
          0.0,
          1.0,
          0.0,
          0.0
        ],
        [
          0.0,
          0.0,
          1.0,
          0.0
        ],
        [
          0.966979,
          0.0,
          -0.204505,
          1.0
        ]
      ],
      "parent_index": 13,
      "billboard_type": "Disabled"
    },
    {
      "name": "ArmR",
      "transform": [
        [
          1.0,
          0.0,
          0.0,
          0.0
        ],
        [
          0.0,
          1.0,
          0.0,
          0.0
        ],
        [
          0.0,
          0.0,
          1.0,
          0.0
        ],
        [
          2.4214,
          0.0,
          0.0,
          1.0
        ]
      ],
      "parent_index": 14,
      "billboard_type": "Disabled"
    },
    {
      "name": "HandR",
      "transform": [
        [
          1.0,
          0.0,
          0.0,
          0.0
        ],
        [
          0.0,
          0.0,
          -1.0,
          0.0
        ],
        [
          0.0,
          1.0,
          0.0,
          0.0
        ],
        [
          2.06181,
          0.0,
          0.0,
          1.0
        ]
      ],
      "parent_index": 15,
      "billboard_type": "Disabled"
    },
    {
      "name": "HaveR",
      "transform": [
        [
          0.0,
          1.0,
          0.0,
          0.0
        ],
        [
          0.0,
          0.0,
          1.0,
          0.0
        ],
        [
          1.0,
          0.0,
          0.0,
          0.0
        ],
        [
          0.83117,
          0.2703,
          0.0,
          1.0
        ]
      ],
      "parent_index": 16,
      "billboard_type": "Disabled"
    },
    {
      "name": "Sword1",
      "transform": [
        [
          0.0,
          1.0,
          0.0,
          0.0
        ],
        [
          -1.0,
          0.0,
          0.0,
          0.0
        ],
        [
          0.0,
          0.0,
          1.0,
          0.0
        ],
        [
          0.0,
          0.0,
          0.0,
          1.0
        ]
      ],
      "parent_index": 17,
      "billboard_type": "Disabled"
    },
    {
      "name": "Sword2",
      "transform": [
        [
          1.0,
          0.0,
          0.0,
          0.0
        ],
        [
          0.0,
          1.0,
          0.0,
          0.0
        ],
        [
          0.0,
          0.0,
          1.0,
          0.0
        ],
        [
          1.5,
          0.0,
          0.0,
          1.0
        ]
      ],
      "parent_index": 18,
      "billboard_type": "Disabled"
    },
    {
      "name": "LegC",
      "transform": [
        [
          0.995474,
          -0.09503,
          0.0,
          0.0
        ],
        [
          0.09503,
          0.995474,
          0.0,
          0.0
        ],
        [
          0.0,
          0.0,
          1.0,
          0.0
        ],
        [
          0.0,
          0.0,
          0.0,
          1.0
        ]
      ],
      "parent_index": 2,
      "billboard_type": "Disabled"
    },
    {
      "name": "LegL",
      "transform": [
        [
          -1.0,
          0.0,
          0.0,
          0.0
        ],
        [
          0.0,
          -1.0,
          0.0,
          0.0
        ],
        [
          0.0,
          0.0,
          1.0,
          0.0
        ],
        [
          0.0,
          0.0,
          0.858481,
          1.0
        ]
      ],
      "parent_index": 20,
      "billboard_type": "Disabled"
    },
    {
      "name": "KneeL",
      "transform": [
        [
          0.999622,
          0.0274849,
          0.0,
          0.0
        ],
        [
          -0.0274849,
          0.999622,
          0.0,
          0.0
        ],
        [
          0.0,
          0.0,
          1.0,
          0.0
        ],
        [
          4.12637,
          0.0,
          0.0,
          1.0
        ]
      ],
      "parent_index": 21,
      "billboard_type": "Disabled"
    },
    {
      "name": "FootL",
      "transform": [
        [
          0.999622,
          -0.0274849,
          0.0,
          0.0
        ],
        [
          0.0274849,
          0.999622,
          0.0,
          0.0
        ],
        [
          0.0,
          0.0,
          1.0,
          0.0
        ],
        [
          4.40262,
          0.0,
          0.0,
          1.0
        ]
      ],
      "parent_index": 22,
      "billboard_type": "Disabled"
    },
    {
      "name": "ToeL",
      "transform": [
        [
          0.0,
          -1.0,
          0.0,
          0.0
        ],
        [
          1.0,
          0.0,
          0.0,
          0.0
        ],
        [
          0.0,
          0.0,
          1.0,
          0.0
        ],
        [
          0.619481,
          -0.873266,
          0.0,
          1.0
        ]
      ],
      "parent_index": 23,
      "billboard_type": "Disabled"
    },
    {
      "name": "LegR",
      "transform": [
        [
          -1.0,
          0.0,
          0.0,
          0.0
        ],
        [
          0.0,
          -1.0,
          0.0,
          0.0
        ],
        [
          0.0,
          0.0,
          1.0,
          0.0
        ],
        [
          0.0,
          0.0,
          -0.858481,
          1.0
        ]
      ],
      "parent_index": 20,
      "billboard_type": "Disabled"
    },
    {
      "name": "KneeR",
      "transform": [
        [
          0.999622,
          0.0274848,
          0.0,
          0.0
        ],
        [
          -0.0274848,
          0.999622,
          0.0,
          0.0
        ],
        [
          0.0,
          0.0,
          1.0,
          0.0
        ],
        [
          4.12637,
          0.0,
          0.0,
          1.0
        ]
      ],
      "parent_index": 25,
      "billboard_type": "Disabled"
    },
    {
      "name": "FootR",
      "transform": [
        [
          0.999622,
          -0.0274848,
          0.0,
          0.0
        ],
        [
          0.0274848,
          0.999622,
          0.0,
          0.0
        ],
        [
          0.0,
          0.0,
          1.0,
          0.0
        ],
        [
          4.40263,
          0.0,
          0.0,
          1.0
        ]
      ],
      "parent_index": 26,
      "billboard_type": "Disabled"
    },
    {
      "name": "ToeR",
      "transform": [
        [
          0.0,
          -1.0,
          0.0,
          0.0
        ],
        [
          1.0,
          0.0,
          0.0,
          0.0
        ],
        [
          0.0,
          0.0,
          1.0,
          0.0
        ],
        [
          0.619482,
          -0.873266,
          0.0,
          1.0
        ]
      ],
      "parent_index": 27,
      "billboard_type": "Disabled"
    },
    {
      "name": "Throw",
      "transform": [
        [
          1.0,
          0.0,
          0.0,
          0.0
        ],
        [
          0.0,
          1.0,
          0.0,
          0.0
        ],
        [
          0.0,
          0.0,
          1.0,
          0.0
        ],
        [
          0.0,
          -9.42386,
          0.173562,
          1.0
        ]
      ],
      "parent_index": 1,
      "billboard_type": "Disabled"
    },
    {
      "name": "S_HairF1",
      "transform": [
        [
          -0.815222,
          0.147188,
          0.560133,
          0.0
        ],
        [
          0.121312,
          0.989109,
          -0.0833528,
          0.0
        ],
        [
          -0.566301,
          0.0,
          -0.824199,
          0.0
        ],
        [
          1.2982,
          0.884218,
          0.0,
          1.0
        ]
      ],
      "parent_index": 6,
      "billboard_type": "Disabled"
    },
    {
      "name": "S_HairF2",
      "transform": [
        [
          0.71277,
          -0.364139,
          -0.599468,
          0.0
        ],
        [
          0.340408,
          0.926863,
          -0.158264,
          0.0
        ],
        [
          0.613255,
          -0.0912578,
          0.784596,
          0.0
        ],
        [
          0.517745,
          0.0,
          0.0,
          1.0
        ]
      ],
      "parent_index": 30,
      "billboard_type": "Disabled"
    },
    {
      "name": "S_HairF3_null",
      "transform": [
        [
          1.0,
          0.0,
          0.0,
          0.0
        ],
        [
          0.0,
          1.0,
          0.0,
          0.0
        ],
        [
          0.0,
          0.0,
          1.0,
          0.0
        ],
        [
          0.66326,
          0.0,
          0.0,
          1.0
        ]
      ],
      "parent_index": 31,
      "billboard_type": "Disabled"
    },
    {
      "name": "S_HairRF1",
      "transform": [
        [
          -0.993217,
          0.0,
          0.116277,
          0.0
        ],
        [
          -0.116277,
          0.0,
          -0.993217,
          0.0
        ],
        [
          0.0,
          -1.0,
          0.0,
          0.0
        ],
        [
          0.643633,
          0.497317,
          -0.758901,
          1.0
        ]
      ],
      "parent_index": 6,
      "billboard_type": "Disabled"
    },
    {
      "name": "S_HairRF2",
      "transform": [
        [
          0.987462,
          -0.157856,
          0.0,
          0.0
        ],
        [
          0.157856,
          0.987462,
          0.0,
          0.0
        ],
        [
          0.0,
          0.0,
          1.0,
          0.0
        ],
        [
          0.733744,
          0.0,
          0.0,
          1.0
        ]
      ],
      "parent_index": 33,
      "billboard_type": "Disabled"
    },
    {
      "name": "S_HairRF3_null",
      "transform": [
        [
          1.0,
          0.0,
          0.0,
          0.0
        ],
        [
          0.0,
          1.0,
          0.0,
          0.0
        ],
        [
          0.0,
          0.0,
          1.0,
          0.0
        ],
        [
          0.733744,
          0.0,
          0.0,
          1.0
        ]
      ],
      "parent_index": 34,
      "billboard_type": "Disabled"
    },
    {
      "name": "S_HairLF1",
      "transform": [
        [
          -0.993217,
          0.0,
          -0.116277,
          0.0
        ],
        [
          -0.116277,
          0.0,
          0.993217,
          0.0
        ],
        [
          0.0,
          1.0,
          0.0,
          0.0
        ],
        [
          0.643646,
          0.497317,
          0.758901,
          1.0
        ]
      ],
      "parent_index": 6,
      "billboard_type": "Disabled"
    },
    {
      "name": "S_HairLF2",
      "transform": [
        [
          0.987462,
          -0.157856,
          0.0,
          0.0
        ],
        [
          0.157856,
          0.987462,
          0.0,
          0.0
        ],
        [
          0.0,
          0.0,
          1.0,
          0.0
        ],
        [
          0.733777,
          0.0,
          0.0,
          1.0
        ]
      ],
      "parent_index": 36,
      "billboard_type": "Disabled"
    },
    {
      "name": "S_HairLF3_null",
      "transform": [
        [
          1.0,
          0.0,
          0.0,
          0.0
        ],
        [
          0.0,
          1.0,
          0.0,
          0.0
        ],
        [
          0.0,
          0.0,
          1.0,
          0.0
        ],
        [
          0.733684,
          0.0,
          0.0,
          1.0
        ]
      ],
      "parent_index": 37,
      "billboard_type": "Disabled"
    },
    {
      "name": "S_HairsideR1",
      "transform": [
        [
          -0.655013,
          -0.636336,
          -0.407473,
          0.0
        ],
        [
          0.689044,
          -0.281689,
          -0.667735,
          0.0
        ],
        [
          0.310123,
          -0.718142,
          0.622974,
          0.0
        ],
        [
          1.36839,
          -0.362725,
          -1.06414,
          1.0
        ]
      ],
      "parent_index": 6,
      "billboard_type": "Disabled"
    },
    {
      "name": "S_HairsideR2",
      "transform": [
        [
          0.970883,
          0.130261,
          0.201043,
          0.0
        ],
        [
          -0.132375,
          0.991195,
          -0.00295062,
          0.0
        ],
        [
          -0.199657,
          -0.0237483,
          0.979578,
          0.0
        ],
        [
          0.838549,
          0.0,
          0.0,
          1.0
        ]
      ],
      "parent_index": 39,
      "billboard_type": "Disabled"
    },
    {
      "name": "S_HairsideR3_null",
      "transform": [
        [
          1.0,
          0.0,
          0.0,
          0.0
        ],
        [
          0.0,
          1.0,
          0.0,
          0.0
        ],
        [
          0.0,
          0.0,
          1.0,
          0.0
        ],
        [
          0.838564,
          0.0,
          0.0,
          1.0
        ]
      ],
      "parent_index": 40,
      "billboard_type": "Disabled"
    },
    {
      "name": "S_HairR1",
      "transform": [
        [
          -0.879048,
          -0.354609,
          -0.318632,
          0.0
        ],
        [
          0.339123,
          0.00463008,
          -0.940731,
          0.0
        ],
        [
          0.335066,
          -0.935003,
          0.116186,
          0.0
        ],
        [
          1.01511,
          -0.517949,
          -0.979304,
          1.0
        ]
      ],
      "parent_index": 6,
      "billboard_type": "Disabled"
    },
    {
      "name": "S_HairR2",
      "transform": [
        [
          0.937401,
          -0.212003,
          -0.276286,
          0.0
        ],
        [
          0.198196,
          0.977108,
          -0.0773157,
          0.0
        ],
        [
          0.286352,
          0.0177171,
          0.957961,
          0.0
        ],
        [
          0.572887,
          0.0,
          0.0,
          1.0
        ]
      ],
      "parent_index": 42,
      "billboard_type": "Disabled"
    },
    {
      "name": "S_HairR3_null",
      "transform": [
        [
          1.0,
          0.0,
          0.0,
          0.0
        ],
        [
          0.0,
          0.992339,
          -0.123548,
          0.0
        ],
        [
          0.0,
          0.123548,
          0.992339,
          0.0
        ],
        [
          0.572891,
          0.0,
          0.0,
          1.0
        ]
      ],
      "parent_index": 43,
      "billboard_type": "Disabled"
    },
    {
      "name": "S_HairRB1",
      "transform": [
        [
          -0.874543,
          -0.406359,
          -0.264662,
          0.0
        ],
        [
          0.484738,
          -0.748525,
          -0.452481,
          0.0
        ],
        [
          -0.0142364,
          -0.524007,
          0.851595,
          0.0
        ],
        [
          1.03188,
          -1.09747,
          -0.746789,
          1.0
        ]
      ],
      "parent_index": 6,
      "billboard_type": "Disabled"
    },
    {
      "name": "S_HairRB2",
      "transform": [
        [
          0.977621,
          -0.19139,
          0.0873299,
          0.0
        ],
        [
          0.198196,
          0.977108,
          -0.0773157,
          0.0
        ],
        [
          -0.0705333,
          0.0928939,
          0.993175,
          0.0
        ],
        [
          0.572887,
          0.0,
          0.0,
          1.0
        ]
      ],
      "parent_index": 45,
      "billboard_type": "Disabled"
    },
    {
      "name": "S_HairRB3_null",
      "transform": [
        [
          1.0,
          0.0,
          0.0,
          0.0
        ],
        [
          0.0,
          0.992339,
          -0.123548,
          0.0
        ],
        [
          0.0,
          0.123548,
          0.992339,
          0.0
        ],
        [
          0.572891,
          0.0,
          0.0,
          1.0
        ]
      ],
      "parent_index": 46,
      "billboard_type": "Disabled"
    },
    {
      "name": "S_HairsideL1",
      "transform": [
        [
          -0.655013,
          -0.636336,
          0.407473,
          0.0
        ],
        [
          0.689044,
          -0.281689,
          0.667735,
          0.0
        ],
        [
          -0.310123,
          0.718142,
          0.622974,
          0.0
        ],
        [
          1.36839,
          -0.362725,
          1.06414,
          1.0
        ]
      ],
      "parent_index": 6,
      "billboard_type": "Disabled"
    },
    {
      "name": "S_HairsideL2",
      "transform": [
        [
          0.970883,
          0.130261,
          -0.201043,
          0.0
        ],
        [
          -0.132375,
          0.991195,
          0.00295063,
          0.0
        ],
        [
          0.199657,
          0.0237483,
          0.979578,
          0.0
        ],
        [
          0.838549,
          0.0,
          0.0,
          1.0
        ]
      ],
      "parent_index": 48,
      "billboard_type": "Disabled"
    },
    {
      "name": "S_HairsideL13_null",
      "transform": [
        [
          0.994672,
          -0.0959444,
          -0.0377051,
          0.0
        ],
        [
          0.0720808,
          0.908787,
          -0.410987,
          0.0
        ],
        [
          0.0736978,
          0.406079,
          0.910861,
          0.0
        ],
        [
          0.838564,
          0.0,
          0.0,
          1.0
        ]
      ],
      "parent_index": 49,
      "billboard_type": "Disabled"
    },
    {
      "name": "S_HairL1",
      "transform": [
        [
          -0.879048,
          -0.354609,
          0.318632,
          0.0
        ],
        [
          0.339123,
          0.00463009,
          0.940731,
          0.0
        ],
        [
          -0.335066,
          0.935003,
          0.116186,
          0.0
        ],
        [
          1.01511,
          -0.517949,
          0.979304,
          1.0
        ]
      ],
      "parent_index": 6,
      "billboard_type": "Disabled"
    },
    {
      "name": "S_HairL2",
      "transform": [
        [
          0.937401,
          -0.212003,
          0.276286,
          0.0
        ],
        [
          0.198196,
          0.977108,
          0.0773157,
          0.0
        ],
        [
          -0.286352,
          -0.0177171,
          0.957961,
          0.0
        ],
        [
          0.572887,
          0.0,
          0.0,
          1.0
        ]
      ],
      "parent_index": 51,
      "billboard_type": "Disabled"
    },
    {
      "name": "S_HairL3_null",
      "transform": [
        [
          0.944355,
          -0.0000017643,
          -0.328929,
          0.0
        ],
        [
          -0.307322,
          0.356456,
          -0.882322,
          0.0
        ],
        [
          0.11725,
          0.934312,
          0.33662,
          0.0
        ],
        [
          0.572891,
          0.0,
          0.0,
          1.0
        ]
      ],
      "parent_index": 52,
      "billboard_type": "Disabled"
    },
    {
      "name": "S_HairLB1",
      "transform": [
        [
          -0.874543,
          -0.406359,
          0.264662,
          0.0
        ],
        [
          0.484738,
          -0.748525,
          0.452482,
          0.0
        ],
        [
          0.0142365,
          0.524007,
          0.851595,
          0.0
        ],
        [
          1.03188,
          -1.09747,
          0.746789,
          1.0
        ]
      ],
      "parent_index": 6,
      "billboard_type": "Disabled"
    },
    {
      "name": "S_HairLB2",
      "transform": [
        [
          0.977621,
          -0.19139,
          -0.0873299,
          0.0
        ],
        [
          0.198196,
          0.977108,
          0.0773157,
          0.0
        ],
        [
          0.0705333,
          -0.0928939,
          0.993175,
          0.0
        ],
        [
          0.572887,
          0.0,
          0.0,
          1.0
        ]
      ],
      "parent_index": 54,
      "billboard_type": "Disabled"
    },
    {
      "name": "S_HairLB3_null",
      "transform": [
        [
          1.0,
          0.0,
          0.0,
          0.0
        ],
        [
          0.0,
          0.992339,
          0.123548,
          0.0
        ],
        [
          0.0,
          -0.123548,
          0.992339,
          0.0
        ],
        [
          0.572891,
          0.0,
          0.0,
          1.0
        ]
      ],
      "parent_index": 55,
      "billboard_type": "Disabled"
    },
    {
      "name": "S_piasL1",
      "transform": [
        [
          -1.0,
          0.0,
          0.0,
          0.0
        ],
        [
          0.0,
          0.0,
          1.0,
          0.0
        ],
        [
          0.0,
          1.0,
          0.0,
          0.0
        ],
        [
          0.11,
          0.1,
          0.75,
          1.0
        ]
      ],
      "parent_index": 6,
      "billboard_type": "Disabled"
    },
    {
      "name": "S_piasL2_null",
      "transform": [
        [
          1.0,
          0.0,
          0.0,
          0.0
        ],
        [
          0.0,
          1.0,
          0.0,
          0.0
        ],
        [
          0.0,
          0.0,
          1.0,
          0.0
        ],
        [
          0.1815,
          0.0,
          0.0,
          1.0
        ]
      ],
      "parent_index": 57,
      "billboard_type": "Disabled"
    },
    {
      "name": "S_piasR1",
      "transform": [
        [
          -1.0,
          0.0,
          0.0,
          0.0
        ],
        [
          0.0,
          0.0,
          -1.0,
          0.0
        ],
        [
          0.0,
          -1.0,
          0.0,
          0.0
        ],
        [
          0.11,
          0.1,
          -0.75,
          1.0
        ]
      ],
      "parent_index": 6,
      "billboard_type": "Disabled"
    },
    {
      "name": "S_piasR2_null",
      "transform": [
        [
          1.0,
          0.0,
          0.0,
          0.0
        ],
        [
          0.0,
          1.0,
          0.0,
          0.0
        ],
        [
          0.0,
          0.0,
          1.0,
          0.0
        ],
        [
          0.181549,
          0.0,
          0.0,
          1.0
        ]
      ],
      "parent_index": 59,
      "billboard_type": "Disabled"
    },
    {
      "name": "S_HairB1",
      "transform": [
        [
          -0.786635,
          -0.617418,
          0.0,
          0.0
        ],
        [
          0.617418,
          -0.786635,
          0.0,
          0.0
        ],
        [
          0.0,
          0.0,
          1.0,
          0.0
        ],
        [
          1.05833,
          -1.38992,
          0.0,
          1.0
        ]
      ],
      "parent_index": 6,
      "billboard_type": "Disabled"
    },
    {
      "name": "S_HairB2",
      "transform": [
        [
          0.893358,
          -0.449346,
          0.0,
          0.0
        ],
        [
          0.449346,
          0.893358,
          0.0,
          0.0
        ],
        [
          0.0,
          0.0,
          1.0,
          0.0
        ],
        [
          0.628924,
          0.0,
          0.0,
          1.0
        ]
      ],
      "parent_index": 61,
      "billboard_type": "Disabled"
    },
    {
      "name": "S_HairB3_null",
      "transform": [
        [
          1.0,
          0.0,
          0.0,
          0.0
        ],
        [
          0.0,
          0.992339,
          -0.123548,
          0.0
        ],
        [
          0.0,
          0.123548,
          0.992339,
          0.0
        ],
        [
          0.628924,
          0.0,
          0.0,
          1.0
        ]
      ],
      "parent_index": 62,
      "billboard_type": "Disabled"
    },
    {
      "name": "S_bustL1",
      "transform": [
        [
          -0.326989,
          0.938223,
          0.113203,
          0.0
        ],
        [
          0.944293,
          0.329105,
          0.0,
          0.0
        ],
        [
          -0.0372557,
          0.106897,
          -0.993572,
          0.0
        ],
        [
          0.957848,
          -0.907005,
          0.649888,
          1.0
        ]
      ],
      "parent_index": 4,
      "billboard_type": "Disabled"
    },
    {
      "name": "S_bustL2_null",
      "transform": [
        [
          1.0,
          0.0,
          0.0,
          0.0
        ],
        [
          0.0,
          1.0,
          0.0,
          0.0
        ],
        [
          0.0,
          0.0,
          1.0,
          0.0
        ],
        [
          2.36002,
          0.0,
          0.0,
          1.0
        ]
      ],
      "parent_index": 64,
      "billboard_type": "Disabled"
    },
    {
      "name": "S_bustR1",
      "transform": [
        [
          -0.326989,
          0.938223,
          -0.113203,
          0.0
        ],
        [
          0.944293,
          0.329105,
          0.0,
          0.0
        ],
        [
          0.0372557,
          -0.106897,
          -0.993572,
          0.0
        ],
        [
          0.95789,
          -0.906994,
          -0.649888,
          1.0
        ]
      ],
      "parent_index": 4,
      "billboard_type": "Disabled"
    },
    {
      "name": "S_bustR2_null",
      "transform": [
        [
          1.0,
          0.0,
          0.0,
          0.0
        ],
        [
          0.0,
          1.0,
          0.0,
          0.0
        ],
        [
          0.0,
          0.0,
          1.0,
          0.0
        ],
        [
          2.36002,
          0.0,
          0.0,
          1.0
        ]
      ],
      "parent_index": 66,
      "billboard_type": "Disabled"
    },
    {
      "name": "S_wingL1",
      "transform": [
        [
          -0.857744,
          -0.40794,
          0.312826,
          0.0
        ],
        [
          0.405265,
          -0.910972,
          -0.0767487,
          0.0
        ],
        [
          0.316285,
          0.0609468,
          0.946704,
          0.0
        ],
        [
          1.28783,
          -0.676478,
          0.576587,
          1.0
        ]
      ],
      "parent_index": 4,
      "billboard_type": "Disabled"
    },
    {
      "name": "S_wingL2",
      "transform": [
        [
          0.995058,
          0.0941424,
          0.0315687,
          0.0
        ],
        [
          -0.0938384,
          0.995527,
          -0.0109807,
          0.0
        ],
        [
          -0.0324613,
          0.00796403,
          0.999441,
          0.0
        ],
        [
          2.62052,
          0.0,
          0.0,
          1.0
        ]
      ],
      "parent_index": 68,
      "billboard_type": "Disabled"
    },
    {
      "name": "S_wingL3",
      "transform": [
        [
          0.999929,
          -0.0112483,
          -0.00389143,
          0.0
        ],
        [
          0.0112535,
          0.999936,
          0.00130468,
          0.0
        ],
        [
          0.0038765,
          -0.00134838,
          0.999992,
          0.0
        ],
        [
          2.62012,
          0.0,
          0.0,
          1.0
        ]
      ],
      "parent_index": 69,
      "billboard_type": "Disabled"
    },
    {
      "name": "S_wingL4",
      "transform": [
        [
          0.988626,
          -0.141953,
          -0.04967,
          0.0
        ],
        [
          0.142669,
          0.989708,
          0.0111464,
          0.0
        ],
        [
          0.0475765,
          -0.018106,
          0.998703,
          0.0
        ],
        [
          2.6194,
          0.0,
          0.0,
          1.0
        ]
      ],
      "parent_index": 70,
      "billboard_type": "Disabled"
    },
    {
      "name": "S_wingL5",
      "transform": [
        [
          0.968943,
          -0.235176,
          -0.0764311,
          0.0
        ],
        [
          0.235383,
          0.971882,
          -0.00641782,
          0.0
        ],
        [
          0.0757913,
          -0.0117721,
          0.997054,
          0.0
        ],
        [
          2.61269,
          -0.0656103,
          -0.0195253,
          1.0
        ]
      ],
      "parent_index": 71,
      "billboard_type": "Disabled"
    },
    {
      "name": "S_wingL6_null",
      "transform": [
        [
          1.0,
          0.0,
          0.0,
          0.0
        ],
        [
          0.0,
          1.0,
          0.0,
          0.0
        ],
        [
          0.0,
          0.0,
          1.0,
          0.0
        ],
        [
          2.61734,
          0.0,
          0.0,
          1.0
        ]
      ],
      "parent_index": 72,
      "billboard_type": "Disabled"
    },
    {
      "name": "S_wingR1",
      "transform": [
        [
          -0.857744,
          -0.407941,
          -0.312825,
          0.0
        ],
        [
          0.405265,
          -0.910972,
          0.0767486,
          0.0
        ],
        [
          -0.316284,
          -0.0609466,
          0.946705,
          0.0
        ],
        [
          1.28783,
          -0.676479,
          -0.576587,
          1.0
        ]
      ],
      "parent_index": 4,
      "billboard_type": "Disabled"
    },
    {
      "name": "S_wingR2",
      "transform": [
        [
          0.995058,
          0.0941405,
          -0.0315695,
          0.0
        ],
        [
          -0.0938365,
          0.995527,
          0.0109809,
          0.0
        ],
        [
          0.0324621,
          -0.00796424,
          0.999441,
          0.0
        ],
        [
          2.62051,
          0.0,
          0.0,
          1.0
        ]
      ],
      "parent_index": 74,
      "billboard_type": "Disabled"
    },
    {
      "name": "S_wingR3",
      "transform": [
        [
          0.999929,
          -0.0112474,
          0.00389081,
          0.0
        ],
        [
          0.0112526,
          0.999936,
          -0.00130447,
          0.0
        ],
        [
          -0.00387588,
          0.00134816,
          0.999992,
          0.0
        ],
        [
          2.62013,
          0.0,
          0.0,
          1.0
        ]
      ],
      "parent_index": 75,
      "billboard_type": "Disabled"
    },
    {
      "name": "S_wingR4",
      "transform": [
        [
          0.984351,
          -0.166613,
          0.0573938,
          0.0
        ],
        [
          0.167392,
          0.985849,
          -0.00900088,
          0.0
        ],
        [
          -0.055082,
          0.0184673,
          0.998311,
          0.0
        ],
        [
          2.61939,
          0.0,
          0.0,
          1.0
        ]
      ],
      "parent_index": 76,
      "billboard_type": "Disabled"
    },
    {
      "name": "S_wingR5",
      "transform": [
        [
          0.975085,
          -0.210717,
          0.0693383,
          0.0
        ],
        [
          0.210954,
          0.977488,
          0.00396567,
          0.0
        ],
        [
          -0.068613,
          0.0107603,
          0.997585,
          0.0
        ],
        [
          2.61358,
          0.0,
          0.0,
          1.0
        ]
      ],
      "parent_index": 77,
      "billboard_type": "Disabled"
    },
    {
      "name": "S_wingR6_null",
      "transform": [
        [
          0.977598,
          -0.209067,
          0.0243411,
          0.0
        ],
        [
          0.205973,
          0.974052,
          0.093791,
          0.0
        ],
        [
          -0.0433182,
          -0.0866763,
          0.995294,
          0.0
        ],
        [
          2.61735,
          0.0,
          0.0,
          1.0
        ]
      ],
      "parent_index": 78,
      "billboard_type": "Disabled"
    },
    {
      "name": "Face",
      "transform": [
        [
          0.0,
          0.0,
          1.0,
          0.0
        ],
        [
          1.0,
          -0.00000588105,
          0.0,
          0.0
        ],
        [
          0.00000588105,
          1.0,
          0.0,
          0.0
        ],
        [
          0.0,
          0.0,
          0.0,
          1.0
        ]
      ],
      "parent_index": 6,
      "billboard_type": "Disabled"
    },
    {
      "name": "Mouth_group",
      "transform": [
        [
          1.0,
          0.0,
          0.0,
          0.0
        ],
        [
          0.0,
          1.0,
          0.0,
          0.0
        ],
        [
          0.0,
          0.0,
          1.0,
          0.0
        ],
        [
          0.0,
          0.0,
          0.0,
          1.0
        ]
      ],
      "parent_index": 80,
      "billboard_type": "Disabled"
    },
    {
      "name": "UplipL1",
      "transform": [
        [
          1.0,
          0.0,
          0.0,
          0.0
        ],
        [
          0.0,
          1.0,
          0.0,
          0.0
        ],
        [
          0.0,
          0.0,
          1.0,
          0.0
        ],
        [
          0.0,
          0.0,
          0.0,
          1.0
        ]
      ],
      "parent_index": 134,
      "billboard_type": "Disabled"
    },
    {
      "name": "UplipR1",
      "transform": [
        [
          1.0,
          0.0,
          0.0,
          0.0
        ],
        [
          0.0,
