{
  "major_version": 1,
  "minor_version": 0,
  "bones": [
    {
      "name": "Trans",
      "transform": [
        [
          1.0,
          0.0,
          0.0,
          0.0
        ],
        [
          0.0,
          1.0,
          0.0,
          0.0
        ],
        [
          0.0,
          0.0,
          1.0,
          0.0
        ],
        [
          0.0,
          0.0,
          0.0,
          1.0
        ]
      ],
      "parent_index": null,
      "billboard_type": "Disabled"
    },
    {
      "name": "Rot",
      "transform": [
        [
          1.0,
          0.0,
          0.0,
          0.0
        ],
        [
          0.0,
          1.0,
          0.0,
          0.0
        ],
        [
          0.0,
          0.0,
          1.0,
          0.0
        ],
        [
          0.0,
          9.42386,
          -0.173562,
          1.0
        ]
      ],
      "parent_index": 0,
      "billboard_type": "Disabled"
    },
    {
      "name": "Hip",
      "transform": [
        [
          0.0,
          0.995474,
          0.09503,
          0.0
        ],
        [
          0.0,
          -0.09503,
          0.995474,
          0.0
        ],
        [
          1.0,
          0.0,
          0.0,
          0.0
        ],
        [
          0.0,
          0.0,
          0.0,
          1.0
        ]
      ],
      "parent_index": 1,
      "billboard_type": "Disabled"
    },
    {
      "name": "Waist",
      "transform": [
        [
          0.971182,
          -0.238341,
          0.0,
          0.0
        ],
        [
          0.238341,
          0.971182,
          0.0,
          0.0
        ],
        [
          0.0,
          0.0,
          1.0,
          0.0
        ],
        [
          1.33177,
          0.0,
          0.0,
          1.0
        ]
      ],
      "parent_index": 2,
      "billboard_type": "Disabled"
    },
    {
      "name": "Bust",
      "transform": [
        [
          0.998993,
          -0.044864,
          0.0,
          0.0
        ],
        [
          0.044864,
          0.998993,
          0.0,
          0.0
        ],
        [
          0.0,
          0.0,
          1.0,
          0.0
        ],
        [
          1.45974,
          0.0,
          0.0,
          1.0
        ]
      ],
      "parent_index": 3,
      "billboard_type": "Disabled"
    },
    {
      "name": "Neck",
      "transform": [
        [
          0.955833,
          0.29391,
          0.0,
          0.0
        ],
        [
          -0.29391,
          0.955833,
          0.0,
          0.0
        ],
        [
          0.0,
          0.0,
          1.0,
          0.0
        ],
        [
          1.88203,
          0.0,
          0.0,
          1.0
        ]
      ],
      "parent_index": 4,
      "billboard_type": "Disabled"
    },
    {
      "name": "Head",
      "transform": [
        [
          0.994179,
          -0.107743,
          0.0,
          0.0
        ],
        [
          0.107743,
          0.994179,
          0.0,
          0.0
        ],
        [
          0.0,
          0.0,
          1.0,
          0.0
        ],
        [
          0.940671,
          0.0,
          0.0,
          1.0
        ]
      ],
      "parent_index": 5,
      "billboard_type": "Disabled"
    },
    {
      "name": "ClavicleC",
      "transform": [
        [
          0.981936,
          0.189215,
          0.0,
          0.0
        ],
        [
          -0.189215,
          0.981936,
          0.0,
          0.0
        ],
        [
          0.0,
          0.0,
          1.0,
          0.0
        ],
        [
          1.50569,
          -0.0716623,
          0.0,
          1.0
        ]
      ],
      "parent_index": 4,
      "billboard_type": "Disabled"
    },
    {
      "name": "ClavicleL",
      "transform": [
        [
          0.0,
          0.0,
          1.0,
          0.0
        ],
        [
          0.0,
          1.0,
          0.0,
          0.0
        ],
        [
          -1.0,
          0.0,
          0.0,
          0.0
        ],
        [
          0.0,
          0.0,
          0.335106,
          1.0
        ]
      ],
      "parent_index": 7,
      "billboard_type": "Disabled"
    },
    {
      "name": "ShoulderL",
      "transform": [
        [
          0.693024,
          0.0,
          0.720914,
          0.0
        ],
        [
          0.0,
          1.0,
          0.0,
          0.0
        ],
        [
          -0.720914,
          0.0,
          0.693024,
          0.0
        ],
        [
          0.966984,
          0.0,
          0.204534,
          1.0
        ]
      ],
      "parent_index": 8,
      "billboard_type": "Disabled"
    },
    {
      "name": "ArmL",
      "transform": [
        [
          1.0,
          0.0,
          0.0,
          0.0
        ],
        [
          0.0,
          1.0,
          0.0,
          0.0
        ],
        [
          0.0,
          0.0,
          1.0,
          0.0
        ],
        [
          2.42136,
          0.0,
          0.0,
          1.0
        ]
      ],
      "parent_index": 9,
      "billboard_type": "Disabled"
    },
    {
      "name": "HandL",
      "transform": [
        [
          1.0,
          0.0,
          0.0,
          0.0
        ],
        [
          0.0,
          0.0,
          1.0,
          0.0
        ],
        [
          0.0,
          -1.0,
          0.0,
          0.0
        ],
        [
          2.06183,
          0.0,
          0.0,
          1.0
        ]
      ],
      "parent_index": 10,
      "billboard_type": "Disabled"
    },
    {
      "name": "HaveL",
      "transform": [
        [
          0.0,
          -1.0,
          0.0,
          0.0
        ],
        [
          0.0,
          0.0,
          -1.0,
          0.0
        ],
        [
          1.0,
          0.0,
          0.0,
          0.0
        ],
        [
          0.831,
          0.27,
          0.0,
          1.0
        ]
      ],
      "parent_index": 11,
      "billboard_type": "Disabled"
    },
    {
      "name": "ClavicleR",
      "transform": [
        [
          0.0,
          0.0,
          -1.0,
          0.0
        ],
        [
          0.0,
          1.0,
          0.0,
          0.0
        ],
        [
          1.0,
          0.0,
          0.0,
          0.0
        ],
        [
          0.0,
          0.0,
          -0.335106,
          1.0
        ]
      ],
      "parent_index": 7,
      "billboard_type": "Disabled"
    },
    {
      "name": "ShoulderR",
      "transform": [
        [
          0.693024,
          0.0,
          -0.720914,
          0.0
        ],
        [
          0.0,
          1.0,
          0.0,
          0.0
        ],
        [
          0.720914,
          0.0,
          0.693024,
          0.0
        ],
        [
          0.966979,
          0.0,
          -0.204505,
          1.0
        ]
      ],
      "parent_index": 13,
      "billboard_type": "Disabled"
    },
    {
      "name": "ArmR",
      "transform": [
        [
          1.0,
          0.0,
          0.0,
          0.0
        ],
        [
          0.0,
          1.0,
          0.0,
          0.0
        ],
        [
          0.0,
          0.0,
          1.0,
          0.0
        ],
        [
          2.4214,
          0.0,
          0.0,
          1.0
        ]
      ],
      "parent_index": 14,
      "billboard_type": "Disabled"
    },
    {
      "name": "HandR",
      "transform": [
        [
          1.0,
          0.0,
          0.0,
          0.0
        ],
        [
          0.0,
          0.0,
          -1.0,
          0.0
        ],
        [
          0.0,
          1.0,
          0.0,
          0.0
        ],
        [
          2.06181,
          0.0,
          0.0,
          1.0
        ]
      ],
      "parent_index": 15,
      "billboard_type": "Disabled"
    },
    {
      "name": "HaveR",
      "transform": [
        [
          0.0,
          1.0,
          0.0,
          0.0
        ],
        [
          0.0,
          0.0,
          1.0,
          0.0
        ],
        [
          1.0,
          0.0,
          0.0,
          0.0
        ],
        [
          0.831,
          0.27,
          0.0,
          1.0
        ]
      ],
      "parent_index": 16,
      "billboard_type": "Disabled"
    },
    {
      "name": "Sword1",
      "transform": [
        [
          0.0,
          1.0,
          0.0,
          0.0
        ],
        [
          -1.0,
          0.0,
          0.0,
          0.0
        ],
        [
          0.0,
          0.0,
          1.0,
          0.0
        ],
        [
          0.0,
          0.0,
          0.0,
          1.0
        ]
      ],
      "parent_index": 17,
      "billboard_type": "Disabled"
    },
    {
      "name": "Sword2",
      "transform": [
        [
          1.0,
          0.0,
          0.0,
          0.0
        ],
        [
          0.0,
          1.0,
          0.0,
          0.0
        ],
        [
          0.0,
          0.0,
          1.0,
          0.0
        ],
        [
          1.5,
          0.0,
          0.0,
          1.0
        ]
      ],
      "parent_index": 18,
      "billboard_type": "Disabled"
    },
    {
      "name": "LegC",
      "transform": [
        [
          0.995474,
          -0.09503,
          0.0,
          0.0
        ],
        [
          0.09503,
          0.995474,
          0.0,
          0.0
        ],
        [
          0.0,
          0.0,
          1.0,
          0.0
        ],
        [
          0.0,
          0.0,
          0.0,
          1.0
        ]
      ],
      "parent_index": 2,
      "billboard_type": "Disabled"
    },
    {
      "name": "LegL",
      "transform": [
        [
          -0.995805,
          0.0,
          0.0915016,
          0.0
        ],
        [
          0.0,
          -1.0,
          0.0,
          0.0
        ],
        [
          0.0915016,
          0.0,
          0.995805,
          0.0
        ],
        [
          0.0,
          0.0,
          0.858481,
          1.0
        ]
      ],
      "parent_index": 20,
      "billboard_type": "Disabled"
    },
    {
      "name": "KneeL",
      "transform": [
        [
          0.999622,
          0.0274849,
          0.0,
          0.0
        ],
        [
          -0.0274849,
          0.999622,
          0.0,
          0.0
        ],
        [
          0.0,
          0.0,
          1.0,
          0.0
        ],
        [
          4.12637,
          0.0,
          0.0,
          1.0
        ]
      ],
      "parent_index": 21,
      "billboard_type": "Disabled"
    },
    {
      "name": "FootL",
      "transform": [
        [
          0.999622,
          -0.0274849,
          0.0,
          0.0
        ],
        [
          0.0274849,
          0.999622,
          0.0,
          0.0
        ],
        [
          0.0,
          0.0,
          1.0,
          0.0
        ],
        [
          4.40262,
          0.0,
          0.0,
          1.0
        ]
      ],
      "parent_index": 22,
      "billboard_type": "Disabled"
    },
    {
      "name": "ToeL",
      "transform": [
        [
          0.0,
          -1.0,
          0.0,
          0.0
        ],
        [
          1.0,
          0.0,
          0.0,
          0.0
        ],
        [
          0.0,
          0.0,
          1.0,
          0.0
        ],
        [
          0.619481,
          -0.873266,
          0.0,
          1.0
        ]
      ],
      "parent_index": 23,
      "billboard_type": "Disabled"
    },
    {
      "name": "LegR",
      "transform": [
        [
          -0.995805,
          0.0,
          -0.0915016,
          0.0
        ],
        [
          0.0,
          -1.0,
          0.0,
          0.0
        ],
        [
          -0.0915016,
          0.0,
          0.995805,
          0.0
        ],
        [
          0.0,
          0.0,
          -0.858481,
          1.0
        ]
      ],
      "parent_index": 20,
      "billboard_type": "Disabled"
    },
    {
      "name": "KneeR",
      "transform": [
        [
          0.999622,
          0.0274848,
          0.0,
          0.0
        ],
        [
          -0.0274848,
          0.999622,
          0.0,
          0.0
        ],
        [
          0.0,
          0.0,
          1.0,
          0.0
        ],
        [
          4.12637,
          0.0,
          0.0,
          1.0
        ]
      ],
      "parent_index": 25,
      "billboard_type": "Disabled"
    },
    {
      "name": "FootR",
      "transform": [
        [
          0.999622,
          -0.0274848,
          0.0,
          0.0
        ],
        [
          0.0274848,
          0.999622,
          0.0,
          0.0
        ],
        [
          0.0,
          0.0,
          1.0,
          0.0
        ],
        [
          4.40263,
          0.0,
          0.0,
          1.0
        ]
      ],
      "parent_index": 26,
      "billboard_type": "Disabled"
    },
    {
      "name": "ToeR",
      "transform": [
        [
          0.0,
          -1.0,
          0.0,
          0.0
        ],
        [
          1.0,
          0.0,
          0.0,
          0.0
        ],
        [
          0.0,
          0.0,
          1.0,
          0.0
        ],
        [
          0.619482,
          -0.873266,
          0.0,
          1.0
        ]
      ],
      "parent_index": 27,
      "billboard_type": "Disabled"
    },
    {
      "name": "Throw",
      "transform": [
        [
          1.0,
          0.0,
          0.0,
          0.0
        ],
        [
          0.0,
          1.0,
          0.0,
          0.0
        ],
        [
          0.0,
          0.0,
          1.0,
          0.0
        ],
        [
          0.0,
          -9.42386,
          0.173562,
          1.0
        ]
      ],
      "parent_index": 1,
      "billboard_type": "Disabled"
    },
    {
      "name": "S_piasR1",
      "transform": [
        [
          -1.0,
          0.0,
          0.0,
          0.0
        ],
        [
          0.0,
          0.0,
          -1.0,
          0.0
        ],
        [
          0.0,
          -1.0,
          0.0,
          0.0
        ],
        [
          0.125,
          0.1,
          -0.75,
          1.0
        ]
      ],
      "parent_index": 6,
      "billboard_type": "Disabled"
    },
    {
      "name": "S_piasR2_null",
      "transform": [
        [
          1.0,
          0.0,
          0.0,
          0.0
        ],
        [
          0.0,
          1.0,
          0.0,
          0.0
        ],
        [
          0.0,
          0.0,
          1.0,
          0.0
        ],
        [
          0.181549,
          0.0,
          0.0,
          1.0
        ]
      ],
      "parent_index": 30,
      "billboard_type": "Disabled"
    },
    {
      "name": "S_piasL1",
      "transform": [
        [
          -1.0,
          0.0,
          0.0,
          0.0
        ],
        [
          0.0,
          0.0,
          1.0,
          0.0
        ],
        [
          0.0,
          1.0,
          0.0,
          0.0
        ],
        [
          0.125,
          0.1,
          0.75,
          1.0
        ]
      ],
      "parent_index": 6,
      "billboard_type": "Disabled"
    },
    {
      "name": "S_piasL2_null",
      "transform": [
        [
          1.0,
          0.0,
          0.0,
          0.0
        ],
        [
          0.0,
          1.0,
          0.0,
          0.0
        ],
        [
          0.0,
          0.0,
          1.0,
          0.0
        ],
        [
          0.1815,
          0.0,
          0.0,
          1.0
        ]
      ],
      "parent_index": 32,
      "billboard_type": "Disabled"
    },
    {
      "name": "S_HairRF1",
      "transform": [
        [
          -0.993221,
          0.0,
          0.116245,
          0.0
        ],
        [
          -0.116245,
          0.0,
          -0.993221,
          0.0
        ],
        [
          0.0,
          -1.0,
          0.0,
          0.0
        ],
        [
          0.763169,
          0.532546,
          -0.813745,
          1.0
        ]
      ],
      "parent_index": 6,
      "billboard_type": "Disabled"
    },
    {
      "name": "S_HairRF2",
      "transform": [
        [
          0.987469,
          -0.157816,
          0.0,
          0.0
        ],
        [
          0.157816,
          0.987469,
          0.0,
          0.0
        ],
        [
          0.0,
          0.0,
          1.0,
          0.0
        ],
        [
          0.786985,
          0.0,
          0.0,
          1.0
        ]
      ],
      "parent_index": 34,
      "billboard_type": "Disabled"
    },
    {
      "name": "S_HairRF3_null",
      "transform": [
        [
          1.0,
          0.0,
          0.0,
          0.0
        ],
        [
          0.0,
          1.0,
          0.0,
          0.0
        ],
        [
          0.0,
          0.0,
          1.0,
          0.0
        ],
        [
          0.786972,
          0.0,
          0.0,
          1.0
        ]
      ],
      "parent_index": 35,
      "billboard_type": "Disabled"
    },
    {
      "name": "S_HairLF1",
      "transform": [
        [
          -0.993221,
          0.0,
          -0.116245,
          0.0
        ],
        [
          -0.116245,
          0.0,
          0.993221,
          0.0
        ],
        [
          0.0,
          1.0,
          0.0,
          0.0
        ],
        [
          0.763169,
          0.532546,
          0.813745,
          1.0
        ]
      ],
      "parent_index": 6,
      "billboard_type": "Disabled"
    },
    {
      "name": "S_HairLF2",
      "transform": [
        [
          0.987469,
          -0.157816,
          0.0,
          0.0
        ],
        [
          0.157816,
          0.987469,
          0.0,
          0.0
        ],
        [
          0.0,
          0.0,
          1.0,
          0.0
        ],
        [
          0.786985,
          0.0,
          0.0,
          1.0
        ]
      ],
      "parent_index": 37,
      "billboard_type": "Disabled"
    },
    {
      "name": "S_HairLF3_null",
      "transform": [
        [
          1.0,
          0.0,
          0.0,
          0.0
        ],
        [
          0.0,
          1.0,
          0.0,
          0.0
        ],
        [
          0.0,
          0.0,
          1.0,
          0.0
        ],
        [
          0.786972,
          0.0,
          0.0,
          1.0
        ]
      ],
      "parent_index": 38,
      "billboard_type": "Disabled"
    },
    {
      "name": "S_HairF1",
      "transform": [
        [
          -0.815222,
          0.147188,
          0.560133,
          0.0
        ],
        [
          0.121312,
          0.989109,
          -0.0833528,
          0.0
        ],
        [
          -0.566301,
          0.0,
          -0.824199,
          0.0
        ],
        [
          1.46524,
          0.96827,
          0.0,
          1.0
        ]
      ],
      "parent_index": 6,
      "billboard_type": "Disabled"
    },
    {
      "name": "S_HairF2",
      "transform": [
        [
          0.71277,
          -0.364139,
          -0.599468,
          0.0
        ],
        [
          0.340408,
          0.926863,
          -0.158264,
          0.0
        ],
        [
          0.613255,
          -0.0912578,
          0.784596,
          0.0
        ],
        [
          0.517745,
          0.0,
          0.0,
          1.0
        ]
      ],
      "parent_index": 40,
      "billboard_type": "Disabled"
    },
    {
      "name": "S_HairF3_null",
      "transform": [
        [
          1.0,
          0.0,
          0.0,
          0.0
        ],
        [
          0.0,
          1.0,
          0.0,
          0.0
        ],
        [
          0.0,
          0.0,
          1.0,
          0.0
        ],
        [
          0.66326,
          0.0,
          0.0,
          1.0
        ]
      ],
      "parent_index": 41,
      "billboard_type": "Disabled"
    },
    {
      "name": "S_HairlongR1",
      "transform": [
        [
          -0.908709,
          -0.318971,
          -0.269269,
          0.0
        ],
        [
          0.414223,
          -0.609211,
          -0.676226,
          0.0
        ],
        [
          0.051655,
          -0.72603,
          0.68572,
          0.0
        ],
        [
          0.970632,
          -0.371453,
          -1.08434,
          1.0
        ]
      ],
      "parent_index": 6,
      "billboard_type": "Disabled"
    },
    {
      "name": "S_HairlongR2",
      "transform": [
        [
          0.913452,
          0.400551,
          -0.0718666,
          0.0
        ],
        [
          -0.400882,
          0.916071,
          0.0103884,
          0.0
        ],
        [
          0.069996,
          0.0193207,
          0.99736,
          0.0
        ],
        [
          1.72318,
          0.0,
          0.0,
          1.0
        ]
      ],
      "parent_index": 43,
      "billboard_type": "Disabled"
    },
    {
      "name": "S_HairlongR3",
      "transform": [
        [
          0.96146,
          0.274874,
          -0.00625246,
          0.0
        ],
        [
          -0.274812,
          0.961454,
          0.00921074,
          0.0
        ],
        [
          0.00854324,
          -0.0071375,
          0.999938,
          0.0
        ],
        [
          1.42519,
          0.0,
          0.0,
          1.0
        ]
      ],
      "parent_index": 44,
      "billboard_type": "Disabled"
    },
    {
      "name": "S_HairlongR4",
      "transform": [
        [
          0.783692,
          0.619188,
          -0.0493238,
          0.0
        ],
        [
          -0.616738,
          0.785116,
          0.0567996,
          0.0
        ],
        [
          0.0738946,
          -0.0140936,
          0.997166,
          0.0
        ],
        [
          1.48474,
          0.0,
          0.0,
          1.0
        ]
      ],
      "parent_index": 45,
      "billboard_type": "Disabled"
    },
    {
      "name": "S_HairlongR5_null",
      "transform": [
        [
          1.0,
          0.0,
          0.0,
          0.0
        ],
        [
          0.0,
          1.0,
          0.0,
          0.0
        ],
        [
          0.0,
          0.0,
          1.0,
          0.0
        ],
        [
          1.18337,
          0.0,
          0.0,
          1.0
        ]
      ],
      "parent_index": 46,
      "billboard_type": "Disabled"
    },
    {
      "name": "S_HairlongRBB1",
      "transform": [
        [
          -0.963836,
          -0.195977,
          -0.18059,
          0.0
        ],
        [
          0.192625,
          -0.980608,
          0.036091,
          0.0
        ],
        [
          -0.184161,
          0.0,
          0.982896,
          0.0
        ],
        [
          1.00239,
          -1.34994,
          -0.490334,
          1.0
        ]
      ],
      "parent_index": 6,
      "billboard_type": "Disabled"
    },
    {
      "name": "S_HairlongRBB2",
      "transform": [
        [
          0.959686,
          0.223206,
          -0.170826,
          0.0
        ],
        [
          -0.213007,
          0.974082,
          0.0761053,
          0.0
        ],
        [
          0.183385,
          -0.0366501,
          0.982358,
          0.0
        ],
        [
          1.92664,
          0.0,
          0.0,
          1.0
        ]
      ],
      "parent_index": 48,
      "billboard_type": "Disabled"
    },
    {
      "name": "S_HairlongRBB3",
      "transform": [
        [
          0.957059,
          -0.184127,
          0.22391,
          0.0
        ],
        [
          0.200129,
          0.978451,
          -0.0508085,
          0.0
        ],
        [
          -0.20973,
          0.0934378,
          0.973284,
          0.0
        ],
        [
          1.99583,
          0.0,
          0.0,
          1.0
        ]
      ],
      "parent_index": 49,
      "billboard_type": "Disabled"
    },
    {
      "name": "S_HairlongRBB4",
      "transform": [
        [
          0.709402,
          -0.576127,
          0.405989,
          0.0
        ],
        [
          0.556114,
          0.811433,
          0.179761,
          0.0
        ],
        [
          -0.432998,
          0.0982535,
          0.896024,
          0.0
        ],
        [
          1.85467,
          0.0,
          0.0,
          1.0
        ]
      ],
      "parent_index": 50,
      "billboard_type": "Disabled"
    },
    {
      "name": "S_HairlongRBB5_null",
      "transform": [
        [
          1.0,
          0.0,
          0.0,
          0.0
        ],
        [
          0.0,
          1.0,
          0.0,
          0.0
        ],
        [
          0.0,
          0.0,
          1.0,
          0.0
        ],
        [
          2.04112,
          0.0,
          0.0,
          1.0
        ]
      ],
      "parent_index": 51,
      "billboard_type": "Disabled"
    },
    {
      "name": "S_HairlongRB1",
      "transform": [
        [
          -0.963251,
          -0.219346,
          -0.155029,
          0.0
        ],
        [
          0.265809,
          -0.861445,
          -0.432733,
          0.0
        ],
        [
          -0.0386311,
          -0.458039,
          0.888092,
          0.0
        ],
        [
          0.961712,
          -0.782865,
          -0.97448,
          1.0
        ]
      ],
      "parent_index": 6,
      "billboard_type": "Disabled"
    },
    {
      "name": "S_HairlongRB2",
      "transform": [
        [
          0.973014,
          0.141325,
          -0.182405,
          0.0
        ],
        [
          -0.130872,
          0.989052,
          0.0681857,
          0.0
        ],
        [
          0.190044,
          -0.0424739,
          0.980856,
          0.0
        ],
        [
          1.83178,
          0.0,
          0.0,
          1.0
        ]
      ],
      "parent_index": 53,
      "billboard_type": "Disabled"
    },
    {
      "name": "S_HairlongRB3",
      "transform": [
        [
          0.97388,
          -0.173004,
          0.147063,
          0.0
        ],
        [
          0.179454,
          0.983256,
          -0.0316866,
          0.0
        ],
        [
          -0.139119,
          0.0572501,
          0.988619,
          0.0
        ],
        [
          1.78183,
          0.0,
          0.0,
          1.0
        ]
      ],
      "parent_index": 54,
      "billboard_type": "Disabled"
    },
    {
      "name": "S_HairlongRB4",
      "transform": [
        [
          0.878725,
          -0.382215,
          0.285928,
          0.0
        ],
        [
          0.389187,
          0.920515,
          0.0344366,
          0.0
        ],
        [
          -0.276363,
          0.0810192,
          0.957632,
          0.0
        ],
        [
          1.73496,
          0.0,
          0.0,
          1.0
        ]
      ],
      "parent_index": 55,
      "billboard_type": "Disabled"
    },
    {
      "name": "S_HairlongRB5_null",
      "transform": [
        [
          1.0,
          0.0,
          0.0,
          0.0
        ],
        [
          0.0,
          1.0,
          0.0,
          0.0
        ],
        [
          0.0,
          0.0,
          1.0,
          0.0
        ],
        [
          1.64864,
          0.0,
          0.0,
          1.0
        ]
      ],
      "parent_index": 56,
      "billboard_type": "Disabled"
    },
    {
      "name": "S_HairlongLBB1",
      "transform": [
        [
          -0.963836,
          -0.195977,
          0.18059,
          0.0
        ],
        [
          0.192625,
          -0.980608,
          -0.036091,
          0.0
        ],
        [
          0.184161,
          0.0,
          0.982896,
          0.0
        ],
        [
          1.00239,
          -1.34994,
          0.490334,
          1.0
        ]
      ],
      "parent_index": 6,
      "billboard_type": "Disabled"
    },
    {
      "name": "S_HairlongLBB2",
      "transform": [
        [
          0.959686,
          0.223206,
          0.170826,
          0.0
        ],
        [
          -0.213007,
          0.974082,
          -0.0761053,
          0.0
        ],
        [
          -0.183385,
          0.0366501,
          0.982358,
          0.0
        ],
        [
          1.92664,
          0.0,
          0.0,
          1.0
        ]
      ],
      "parent_index": 58,
      "billboard_type": "Disabled"
    },
    {
      "name": "S_HairlongLBB3",
      "transform": [
        [
          0.957059,
          -0.184127,
          -0.22391,
          0.0
        ],
        [
          0.200129,
          0.978451,
          0.0508085,
          0.0
        ],
        [
          0.20973,
          -0.0934378,
          0.973284,
          0.0
        ],
        [
          1.99583,
          0.0,
          0.0,
          1.0
        ]
      ],
      "parent_index": 59,
      "billboard_type": "Disabled"
    },
    {
      "name": "S_HairlongLBB4",
      "transform": [
        [
          0.709402,
          -0.576127,
          -0.405989,
          0.0
        ],
        [
          0.556114,
          0.811433,
          -0.179761,
          0.0
        ],
        [
          0.432998,
          -0.0982535,
          0.896024,
          0.0
        ],
        [
          1.85467,
          0.0,
          0.0,
          1.0
        ]
      ],
      "parent_index": 60,
      "billboard_type": "Disabled"
    },
    {
      "name": "S_HairlongLBB5_null",
      "transform": [
        [
          1.0,
          0.0,
          0.0,
          0.0
        ],
        [
          0.0,
          1.0,
          0.0,
          0.0
        ],
        [
          0.0,
          0.0,
          1.0,
          0.0
        ],
        [
          2.04112,
          0.0,
          0.0,
          1.0
        ]
      ],
      "parent_index": 61,
      "billboard_type": "Disabled"
    },
    {
      "name": "S_HairlongLB1",
      "transform": [
        [
          -0.963251,
          -0.219346,
          0.155029,
          0.0
        ],
        [
          0.265809,
          -0.861445,
          0.432733,
          0.0
        ],
        [
          0.0386311,
          0.458039,
          0.888092,
          0.0
        ],
        [
          0.961712,
          -0.782865,
          0.97448,
          1.0
        ]
      ],
      "parent_index": 6,
      "billboard_type": "Disabled"
    },
    {
      "name": "S_HairlongLB2",
      "transform": [
        [
          0.973014,
          0.141325,
          0.182405,
          0.0
        ],
        [
          -0.130872,
          0.989052,
          -0.0681857,
          0.0
        ],
        [
          -0.190044,
          0.0424739,
          0.980856,
          0.0
        ],
        [
          1.83178,
          0.0,
          0.0,
          1.0
        ]
      ],
      "parent_index": 63,
      "billboard_type": "Disabled"
    },
    {
      "name": "S_HairlongLB3",
      "transform": [
        [
          0.97388,
          -0.173004,
          -0.147063,
          0.0
        ],
        [
          0.179454,
          0.983256,
          0.0316866,
          0.0
        ],
        [
          0.139119,
          -0.0572501,
          0.988619,
          0.0
        ],
        [
          1.78183,
          0.0,
          0.0,
          1.0
        ]
      ],
      "parent_index": 64,
      "billboard_type": "Disabled"
    },
    {
      "name": "S_HairlongLB4",
      "transform": [
        [
          0.878725,
          -0.382215,
          -0.285928,
          0.0
        ],
        [
          0.389187,
          0.920515,
          -0.0344366,
          0.0
        ],
        [
          0.276363,
          -0.0810192,
          0.957632,
          0.0
        ],
        [
          1.73496,
          0.0,
          0.0,
          1.0
        ]
      ],
      "parent_index": 65,
      "billboard_type": "Disabled"
    },
    {
      "name": "S_HairlongLB5_null",
      "transform": [
        [
          1.0,
          0.0,
          0.0,
          0.0
        ],
        [
          0.0,
          1.0,
          0.0,
          0.0
        ],
        [
          0.0,
          0.0,
          1.0,
          0.0
        ],
        [
          1.64864,
          0.0,
          0.0,
          1.0
        ]
      ],
      "parent_index": 66,
      "billboard_type": "Disabled"
    },
    {
      "name": "S_HairlongL1",
      "transform": [
        [
          -0.908709,
          -0.318971,
          0.269269,
          0.0
        ],
        [
          0.414223,
          -0.609211,
          0.676226,
          0.0
        ],
        [
          -0.051655,
          0.72603,
          0.68572,
          0.0
        ],
        [
          0.970632,
          -0.371453,
          1.08434,
          1.0
        ]
      ],
      "parent_index": 6,
      "billboard_type": "Disabled"
    },
    {
      "name": "S_HairlongL2",
      "transform": [
        [
          0.913452,
          0.400551,
          0.0718666,
          0.0
        ],
        [
          -0.400882,
          0.916071,
          -0.0103884,
          0.0
        ],
        [
          -0.069996,
          -0.0193207,
          0.99736,
          0.0
        ],
        [
          1.72318,
          0.0,
          0.0,
          1.0
        ]
      ],
      "parent_index": 68,
      "billboard_type": "Disabled"
    },
    {
      "name": "S_HairlongL3",
      "transform": [
        [
          0.96146,
          0.274874,
          0.00625246,
          0.0
        ],
        [
          -0.274812,
          0.961454,
          -0.00921074,
          0.0
        ],
        [
          -0.00854324,
          0.0071375,
          0.999938,
          0.0
        ],
        [
          1.42519,
          0.0,
          0.0,
          1.0
        ]
      ],
      "parent_index": 69,
      "billboard_type": "Disabled"
    },
    {
      "name": "S_HairlongL4",
      "transform": [
        [
          0.783692,
          0.619188,
          0.0493238,
          0.0
        ],
        [
          -0.616738,
          0.785116,
          -0.0567996,
          0.0
        ],
        [
          -0.0738946,
          0.0140936,
          0.997166,
          0.0
        ],
        [
          1.48474,
          0.0,
          0.0,
          1.0
        ]
      ],
      "parent_index": 70,
      "billboard_type": "Disabled"
    },
    {
      "name": "S_HairlongL5_null",
      "transform": [
        [
          1.0,
          0.0,
          0.0,
          0.0
        ],
        [
          0.0,
          1.0,
          0.0,
          0.0
        ],
        [
          0.0,
          0.0,
          1.0,
          0.0
        ],
        [
          1.18337,
          0.0,
          0.0,
          1.0
        ]
      ],
      "parent_index": 71,
      "billboard_type": "Disabled"
    },
    {
      "name": "S_bustL1",
      "transform": [
        [
          -0.326989,
          0.938223,
          0.113203,
          0.0
        ],
        [
          0.944293,
          0.329105,
          0.0,
          0.0
        ],
        [
          -0.0372557,
          0.106897,
          -0.993572,
          0.0
        ],
        [
          0.957848,
          -0.907005,
          0.649888,
          1.0
        ]
      ],
      "parent_index": 4,
      "billboard_type": "Disabled"
    },
    {
      "name": "S_bustL2_null",
      "transform": [
        [
          1.0,
          0.0,
          0.0,
          0.0
        ],
        [
          0.0,
          1.0,
          0.0,
          0.0
        ],
        [
          0.0,
          0.0,
          1.0,
          0.0
        ],
        [
          2.36002,
          0.0,
          0.0,
          1.0
        ]
      ],
      "parent_index": 73,
      "billboard_type": "Disabled"
    },
    {
      "name": "S_bustR1",
      "transform": [
        [
          -0.326989,
          0.938223,
          -0.113203,
          0.0
        ],
        [
          0.944293,
          0.329105,
          0.0,
          0.0
        ],
        [
          0.0372557,
          -0.106897,
          -0.993572,
          0.0
        ],
        [
          0.95789,
          -0.906994,
          -0.649888,
          1.0
        ]
      ],
      "parent_index": 4,
      "billboard_type": "Disabled"
    },
    {
      "name": "S_bustR2_null",
      "transform": [
        [
          1.0,
          0.0,
          0.0,
          0.0
        ],
        [
          0.0,
          1.0,
          0.0,
          0.0
        ],
        [
          0.0,
          0.0,
          1.0,
          0.0
        ],
        [
          2.36002,
          0.0,
          0.0,
          1.0
        ]
      ],
      "parent_index": 75,
      "billboard_type": "Disabled"
    },
    {
      "name": "S_TailL1",
      "transform": [
        [
          -0.878006,
          -0.319803,
          0.356135,
          0.0
        ],
        [
          0.281465,
          -0.946763,
          -0.15626,
          0.0
        ],
        [
          0.387148,
          -0.0369579,
          0.921277,
          0.0
        ],
        [
          0.0230359,
          -1.2483,
          0.418936,
          1.0
        ]
      ],
      "parent_index": 2,
      "billboard_type": "Disabled"
    },
    {
      "name": "S_TailL2",
      "transform": [
        [
          0.980946,
          -0.192294,
          -0.0277178,
          0.0
        ],
        [
          0.192533,
          0.981271,
          0.00619281,
          0.0
        ],
        [
          0.0260078,
          -0.0114114,
          0.999597,
          0.0
        ],
        [
          2.12935,
          0.0,
          0.0,
          1.0
        ]
      ],
      "parent_index": 77,
      "billboard_type": "Disabled"
    },
    {
      "name": "S_TailL3",
      "transform": [
        [
          0.996582,
          -0.0818324,
          -0.0113066,
          0.0
        ],
        [
          0.0818552,
          0.996643,
          0.00156885,
          0.0
        ],
        [
          0.0111403,
          -0.00248899,
          0.999935,
          0.0
        ],
        [
          1.94211,
          0.0,
          0.0,
          1.0
        ]
      ],
      "parent_index": 78,
      "billboard_type": "Disabled"
    },
    {
      "name": "S_TailL4",
      "transform": [
        [
          0.999748,
          -0.0222558,
          -0.00277427,
          0.0
        ],
        [
          0.0222568,
          0.999752,
          0.000322188,
          0.0
        ],
        [
          0.00276641,
          -0.000383853,
          0.999996,
          0.0
        ],
        [
          2.11606,
          0.0,
          0.0,
          1.0
        ]
      ],
      "parent_index": 79,
      "billboard_type": "Disabled"
    },
    {
      "name": "S_TailL5_null",
      "transform": [
        [
          1.0,
          0.0,
          0.0,
          0.0
        ],
        [
          0.0,
          1.0,
          0.0,
          0.0
        ],
        [
          0.0,
          0.0,
          1.0,
          0.0
        ],
        [
          2.17602,
          0.0,
          0.0,
          1.0
        ]
      ],
      "parent_index": 80,
      "billboard_type": "Disabled"
    },
    {
      "name": "S_TailR1",
      "transform": [
        [
          -0.878006,
          -0.319803,
          -0.356135,
          0.0
        ],
        [
          0.281465,
          -0.946763,
          0.15626,
          0.0
        ],
        [
          -0.387148,
          0.0369579,
          0.921277,
          0.0
        ],
        [
          0.0230359,
          -1.2483,
          -0.418936,
          1.0
        ]
      ],
      "parent_index": 2,
