{
  "major_version": 1,
  "minor_version": 0,
  "bones": [
    {
      "name": "Trans",
      "transform": [
        [
          1.0,
          0.0,
          0.0,
          0.0
        ],
        [
          0.0,
          1.0,
          0.0,
          0.0
        ],
        [
          0.0,
          0.0,
          1.0,
          0.0
        ],
        [
          0.0,
          0.0,
          0.0,
          1.0
        ]
      ],
      "parent_index": null,
      "billboard_type": "Disabled"
    },
    {
      "name": "Rot",
      "transform": [
        [
          1.0,
          0.0,
          0.0,
          0.0
        ],
        [
          0.0,
          1.0,
          0.0,
          0.0
        ],
        [
          0.0,
          0.0,
          1.0,
          0.0
        ],
        [
          0.0,
          6.19368,
          0.0,
          1.0
        ]
      ],
      "parent_index": 0,
      "billboard_type": "Disabled"
    },
    {
      "name": "Hip",
      "transform": [
        [
          0.0,
          1.0,
          0.0,
          0.0
        ],
        [
          0.0,
          0.0,
          1.0,
          0.0
        ],
        [
          1.0,
          0.0,
          0.0,
          0.0
        ],
        [
          0.0,
          -0.393731,
          0.0,
          1.0
        ]
      ],
      "parent_index": 1,
      "billboard_type": "Disabled"
    },
    {
      "name": "Waist",
      "transform": [
        [
          1.0,
          0.0,
          0.0,
          0.0
        ],
        [
          0.0,
          1.0,
          0.0,
          0.0
        ],
        [
          0.0,
          0.0,
          1.0,
          0.0
        ],
        [
          1.10696,
          0.0,
          0.0,
          1.0
        ]
      ],
      "parent_index": 2,
      "billboard_type": "Disabled"
    },
    {
      "name": "Bust",
      "transform": [
        [
          0.999998,
          0.00195438,
          0.0,
          0.0
        ],
        [
          -0.00195438,
          0.999998,
          0.0,
          0.0
        ],
        [
          0.0,
          0.0,
          1.0,
          0.0
        ],
        [
          0.0,
          0.0,
          0.0,
          1.0
        ]
      ],
      "parent_index": 3,
      "billboard_type": "Disabled"
    },
    {
      "name": "Neck",
      "transform": [
        [
          0.999999,
          -0.00126396,
          0.0,
          0.0
        ],
        [
          0.00126396,
          0.999999,
          0.0,
          0.0
        ],
        [
          0.0,
          0.0,
          1.0,
          0.0
        ],
        [
          1.68903,
          0.0,
          0.0,
          1.0
        ]
      ],
      "parent_index": 4,
      "billboard_type": "Disabled"
    },
    {
      "name": "Head",
      "transform": [
        [
          1.0,
          -0.000690422,
          0.0,
          0.0
        ],
        [
          0.000690422,
          1.0,
          0.0,
          0.0
        ],
        [
          0.0,
          0.0,
          1.0,
          0.0
        ],
        [
          0.813992,
          0.0,
          0.0,
          1.0
        ]
      ],
      "parent_index": 5,
      "billboard_type": "Disabled"
    },
    {
      "name": "Mouth",
      "transform": [
        [
          1.0,
          0.0,
          0.0,
          0.0
        ],
        [
          0.0,
          1.0,
          0.0,
          0.0
        ],
        [
          0.0,
          0.0,
          1.0,
          0.0
        ],
        [
          1.88013,
          0.0873,
          0.0,
          1.0
        ]
      ],
      "parent_index": 6,
      "billboard_type": "Disabled"
    },
    {
      "name": "Sparky",
      "transform": [
        [
          0.0,
          1.0,
          0.0,
          0.0
        ],
        [
          -1.0,
          0.0,
          0.0,
          0.0
        ],
        [
          0.0,
          0.0,
          1.0,
          0.0
        ],
        [
          0.53844,
          2.54008,
          0.0,
          1.0
        ]
      ],
      "parent_index": 6,
      "billboard_type": "Disabled"
    },
    {
      "name": "HeadHaveN",
      "transform": [
        [
          0.0,
          0.0,
          1.0,
          0.0
        ],
        [
          1.0,
          0.0,
          0.0,
          0.0
        ],
        [
          0.0,
          1.0,
          0.0,
          0.0
        ],
        [
          4.22754,
          -0.128708,
          0.0,
          1.0
        ]
      ],
      "parent_index": 6,
      "billboard_type": "Disabled"
    },
    {
      "name": "ClavicleC",
      "transform": [
        [
          0.999998,
          -0.00195438,
          0.0,
          0.0
        ],
        [
          0.00195438,
          0.999998,
          0.0,
          0.0
        ],
        [
          0.0,
          0.0,
          1.0,
          0.0
        ],
        [
          1.27301,
          -0.00248795,
          0.0,
          1.0
        ]
      ],
      "parent_index": 4,
      "billboard_type": "Disabled"
    },
    {
      "name": "ClavicleL",
      "transform": [
        [
          0.0,
          0.0,
          1.0,
          0.0
        ],
        [
          0.0,
          1.0,
          0.0,
          0.0
        ],
        [
          -1.0,
          0.0,
          0.0,
          0.0
        ],
        [
          0.0,
          0.0,
          0.34,
          1.0
        ]
      ],
      "parent_index": 10,
      "billboard_type": "Disabled"
    },
    {
      "name": "ShoulderL",
      "transform": [
        [
          0.999961,
          -0.00729097,
          -0.00504357,
          0.0
        ],
        [
          0.00729107,
          0.999973,
          0.0,
          0.0
        ],
        [
          0.00504343,
          -0.000036773,
          0.999987,
          0.0
        ],
        [
          0.287566,
          0.0,
          0.0,
          1.0
        ]
      ],
      "parent_index": 11,
      "billboard_type": "Disabled"
    },
    {
      "name": "ArmL",
      "transform": [
        [
          0.999876,
          0.0153438,
          -0.00348813,
          0.0
        ],
        [
          -0.0153439,
          0.999882,
          0.0,
          0.0
        ],
        [
          0.00348771,
          0.0000535216,
          0.999994,
          0.0
        ],
        [
          1.93479,
          0.0,
          0.0,
          1.0
        ]
      ],
      "parent_index": 12,
      "billboard_type": "Disabled"
    },
    {
      "name": "HandL",
      "transform": [
        [
          0.999972,
          -0.00675858,
          0.0032062,
          0.0
        ],
        [
          -0.00319001,
          0.0024045,
          0.999992,
          0.0
        ],
        [
          -0.00676624,
          -0.999974,
          0.00238287,
          0.0
        ],
        [
          2.43,
          0.0,
          0.0,
          1.0
        ]
      ],
      "parent_index": 13,
      "billboard_type": "Disabled"
    },
    {
      "name": "HaveL",
      "transform": [
        [
          0.0,
          -1.0,
          0.0,
          0.0
        ],
        [
          0.0227701,
          0.0,
          -0.999741,
          0.0
        ],
        [
          0.999741,
          0.0,
          0.0227701,
          0.0
        ],
        [
          0.889637,
          0.519398,
          0.00413863,
          1.0
        ]
      ],
      "parent_index": 14,
      "billboard_type": "Disabled"
    },
    {
      "name": "ClavicleR",
      "transform": [
        [
          0.0,
          0.0,
          -1.0,
          0.0
        ],
        [
          0.0,
          1.0,
          0.0,
          0.0
        ],
        [
          1.0,
          0.0,
          0.0,
          0.0
        ],
        [
          0.0,
          0.0,
          -0.34,
          1.0
        ]
      ],
      "parent_index": 10,
      "billboard_type": "Disabled"
    },
    {
      "name": "ShoulderR",
      "transform": [
        [
          0.999987,
          0.0,
          0.00503534,
          0.0
        ],
        [
          0.0,
          1.0,
          0.0,
          0.0
        ],
        [
          -0.00503534,
          0.0,
          0.999987,
          0.0
        ],
        [
          0.28391,
          0.0,
          0.0,
          1.0
        ]
      ],
      "parent_index": 16,
      "billboard_type": "Disabled"
    },
    {
      "name": "ArmR",
      "transform": [
        [
          0.999277,
          0.0380162,
          -0.000190329,
          0.0
        ],
        [
          -0.0380162,
          0.999277,
          0.0,
          0.0
        ],
        [
          0.000190191,
          0.00000723557,
          1.0,
          0.0
        ],
        [
          1.9345,
          0.0,
          0.0,
          1.0
        ]
      ],
      "parent_index": 17,
      "billboard_type": "Disabled"
    },
    {
      "name": "HandR",
      "transform": [
        [
          0.999755,
          -0.0221417,
          0.000482233,
          0.0
        ],
        [
          0.000535343,
          0.00239278,
          -0.999997,
          0.0
        ],
        [
          0.0221405,
          0.999752,
          0.00240405,
          0.0
        ],
        [
          2.429,
          0.0,
          0.0,
          1.0
        ]
      ],
      "parent_index": 18,
      "billboard_type": "Disabled"
    },
    {
      "name": "HaveR",
      "transform": [
        [
          -0.00000993259,
          1.0,
          -0.000913416,
          0.0
        ],
        [
          0.0169328,
          0.000913454,
          0.999856,
          0.0
        ],
        [
          0.999857,
          -0.00000553549,
          -0.0169328,
          0.0
        ],
        [
          0.873687,
          0.510101,
          -0.103735,
          1.0
        ]
      ],
      "parent_index": 19,
      "billboard_type": "Disabled"
    },
    {
      "name": "BodyHaveN",
      "transform": [
        [
          0.0,
          0.0,
          1.0,
          0.0
        ],
        [
          1.0,
          0.0,
          0.0,
          0.0
        ],
        [
          0.0,
          1.0,
          0.0,
          0.0
        ],
        [
          0.958514,
          -1.20549,
          0.0,
          1.0
        ]
      ],
      "parent_index": 3,
      "billboard_type": "Disabled"
    },
    {
      "name": "LegC",
      "transform": [
        [
          1.0,
          0.0,
          0.0,
          0.0
        ],
        [
          0.0,
          1.0,
          0.0,
          0.0
        ],
        [
          0.0,
          0.0,
          1.0,
          0.0
        ],
        [
          -0.0162155,
          0.0,
          0.0,
          1.0
        ]
      ],
      "parent_index": 2,
      "billboard_type": "Disabled"
    },
    {
      "name": "LegL",
      "transform": [
        [
          -0.999999,
          -0.00111657,
          0.0,
          0.0
        ],
        [
          0.00111657,
          -0.999999,
          0.0,
          0.0
        ],
        [
          0.0,
          0.0,
          1.0,
          0.0
        ],
        [
          -0.0007355,
          0.0,
          0.5,
          1.0
        ]
      ],
      "parent_index": 22,
      "billboard_type": "Disabled"
    },
    {
      "name": "KneeL",
      "transform": [
        [
          0.999998,
          0.00220299,
          0.0000584205,
          0.0
        ],
        [
          -0.00220299,
          0.999998,
          0.0,
          0.0
        ],
        [
          -0.0000584204,
          0.0,
          1.0,
          0.0
        ],
        [
          2.17471,
          0.0,
          0.0,
          1.0
        ]
      ],
      "parent_index": 23,
      "billboard_type": "Disabled"
    },
    {
      "name": "FootL",
      "transform": [
        [
          0.999995,
          -0.00331956,
          -0.0000584724,
          0.0
        ],
        [
          0.00331956,
          0.999995,
          0.0,
          0.0
        ],
        [
          0.0000584721,
          0.0,
          1.0,
          0.0
        ],
        [
          2.22603,
          0.0,
          0.0,
          1.0
        ]
      ],
      "parent_index": 24,
      "billboard_type": "Disabled"
    },
    {
      "name": "ToeL",
      "transform": [
        [
          0.0,
          -1.0,
          0.0,
          0.0
        ],
        [
          1.0,
          0.0,
          0.0,
          0.0
        ],
        [
          0.0,
          0.0,
          1.0,
          0.0
        ],
        [
          0.376871,
          -1.36449,
          0.0,
          1.0
        ]
      ],
      "parent_index": 25,
      "billboard_type": "Disabled"
    },
    {
      "name": "LegR",
      "transform": [
        [
          -0.999999,
          -0.00111624,
          0.0,
          0.0
        ],
        [
          0.00111624,
          -0.999999,
          0.0,
          0.0
        ],
        [
          0.0,
          0.0,
          1.0,
          0.0
        ],
        [
          0.0007355,
          0.0,
          -0.5,
          1.0
        ]
      ],
      "parent_index": 22,
      "billboard_type": "Disabled"
    },
    {
      "name": "KneeR",
      "transform": [
        [
          0.999985,
          0.00554833,
          0.00000583977,
          0.0
        ],
        [
          -0.00554833,
          0.999985,
          0.0,
          0.0
        ],
        [
          -0.00000583968,
          0.0,
          1.0,
          0.0
        ],
        [
          2.17604,
          0.0,
          0.0,
          1.0
        ]
      ],
      "parent_index": 27,
      "billboard_type": "Disabled"
    },
    {
      "name": "FootR",
      "transform": [
        [
          0.999978,
          -0.00666455,
          -0.00000587439,
          0.0
        ],
        [
          0.00666455,
          0.999978,
          0.0,
          0.0
        ],
        [
          0.00000587323,
          0.0,
          1.0,
          0.0
        ],
        [
          2.22619,
          0.0,
          0.0,
          1.0
        ]
      ],
      "parent_index": 28,
      "billboard_type": "Disabled"
    },
    {
      "name": "ToeR",
      "transform": [
        [
          0.0,
          -1.0,
          0.0,
          0.0
        ],
        [
          1.0,
          0.0,
          0.0,
          0.0
        ],
        [
          0.0,
          0.0,
          1.0,
          0.0
        ],
        [
          0.377904,
          -1.37502,
          0.0,
          1.0
        ]
      ],
      "parent_index": 29,
      "billboard_type": "Disabled"
    },
    {
      "name": "Throw",
      "transform": [
        [
          1.0,
          0.0,
          0.0,
          0.0
        ],
        [
          0.0,
          1.0,
          0.0,
          0.0
        ],
        [
          0.0,
          0.0,
          1.0,
          0.0
        ],
        [
          0.0,
          -5.47792,
          -0.068826,
          1.0
        ]
      ],
      "parent_index": 1,
      "billboard_type": "Disabled"
    },
    {
      "name": "TopHave",
      "transform": [
        [
          1.0,
          0.0,
          0.0,
          0.0
        ],
        [
          0.0,
          1.0,
          0.0,
          0.0
        ],
        [
          0.0,
          0.0,
          1.0,
          0.0
        ],
        [
          0.0,
          0.0,
          0.0,
          1.0
        ]
      ],
      "parent_index": null,
      "billboard_type": "Disabled"
    },
    {
      "name": "FingerL10",
      "transform": [
        [
          0.999985,
          0.00532215,
          0.00130753,
          0.0
        ],
        [
          -0.00532523,
          0.999983,
          0.00236312,
          0.0
        ],
        [
          -0.00129493,
          -0.00237005,
          0.999996,
          0.0
        ],
        [
          0.0,
          0.00165694,
          -0.0497,
          1.0
        ]
      ],
      "parent_index": 14,
      "billboard_type": "Disabled"
    },
    {
      "name": "FingerL11",
      "transform": [
        [
          0.999846,
          -0.00260645,
          0.0173265,
          0.0
        ],
        [
          0.00260684,
          0.999997,
          0.0,
          0.0
        ],
        [
          -0.0173265,
          0.0000451675,
          0.99985,
          0.0
        ],
        [
          0.983,
          -0.206313,
          -0.0375276,
          1.0
        ]
      ],
      "parent_index": 33,
      "billboard_type": "Disabled"
    },
    {
      "name": "FingerL12",
      "transform": [
        [
          1.0,
          0.0,
          0.0,
          0.0
        ],
        [
          0.0,
          1.0,
          0.0,
          0.0
        ],
        [
          0.0,
          0.0,
          1.0,
          0.0
        ],
        [
          0.66,
          0.0,
          0.0,
          1.0
        ]
      ],
      "parent_index": 34,
      "billboard_type": "Disabled"
    },
    {
      "name": "FingerL51",
      "transform": [
        [
          0.00532215,
          0.999983,
          -0.00237005,
          0.0
        ],
        [
          0.00129747,
          0.00236317,
          0.999996,
          0.0
        ],
        [
          0.999985,
          -0.0053252,
          -0.00128487,
          0.0
        ],
        [
          -0.0456649,
          0.116174,
          -0.223068,
          1.0
        ]
      ],
      "parent_index": 33,
      "billboard_type": "Disabled"
    },
    {
      "name": "FingerR10",
      "transform": [
        [
          0.99986,
          0.00528912,
          -0.0158937,
          0.0
        ],
        [
          -0.00532665,
          0.999983,
          -0.00231983,
          0.0
        ],
        [
          0.0158811,
          0.00240416,
          0.999871,
          0.0
        ],
        [
          0.0,
          0.00165694,
          0.0497,
          1.0
        ]
      ],
      "parent_index": 19,
      "billboard_type": "Disabled"
    },
    {
      "name": "FingerR11",
      "transform": [
        [
          0.999846,
          -0.00260645,
          -0.0173265,
          0.0
        ],
        [
          0.00260684,
          0.999997,
          0.0,
          0.0
        ],
        [
          0.0173265,
          -0.0000451675,
          0.99985,
          0.0
        ],
        [
          0.98,
          -0.206304,
          0.0375025,
          1.0
        ]
      ],
      "parent_index": 37,
      "billboard_type": "Disabled"
    },
    {
      "name": "FingerR12",
      "transform": [
        [
          1.0,
          0.0,
          0.0,
          0.0
        ],
        [
          0.0,
          1.0,
          0.0,
          0.0
        ],
        [
          0.0,
          0.0,
          1.0,
          0.0
        ],
        [
          0.66,
          0.0,
          0.0,
          1.0
        ]
      ],
      "parent_index": 38,
      "billboard_type": "Disabled"
    },
    {
      "name": "FingerR51",
      "transform": [
        [
          0.00532215,
          0.999983,
          0.00237005,
          0.0
        ],
        [
          0.00129747,
          0.00236317,
          -0.999996,
          0.0
        ],
        [
          -0.999985,
          0.0053252,
          -0.00128487,
          0.0
        ],
        [
          -0.0485827,
          0.116183,
          0.223043,
          1.0
        ]
      ],
      "parent_index": 37,
      "billboard_type": "Disabled"
    },
    {
      "name": "H_ArmL",
      "transform": [
        [
          0.999969,
          0.00767217,
          -0.00174407,
          0.0
        ],
        [
          -0.00767219,
          0.999971,
          -0.00000655195,
          0.0
        ],
        [
          0.00174396,
          0.0000199326,
          0.999998,
          0.0
        ],
        [
          1.93473,
          0.0,
          0.0112992,
          1.0
        ]
      ],
      "parent_index": 12,
      "billboard_type": "Disabled"
    },
    {
      "name": "H_ArmR",
      "transform": [
        [
          0.999819,
          0.0190115,
          -0.0000951655,
          0.0
        ],
        [
          -0.0190115,
          0.999819,
          0.0,
          0.0
        ],
        [
          0.00009513,
          0.0000027689,
          1.0,
          0.0
        ],
        [
          1.935,
          0.0,
          -0.011,
          1.0
        ]
      ],
      "parent_index": 17,
      "billboard_type": "Disabled"
    },
    {
      "name": "H_KneeL",
      "transform": [
        [
          0.999999,
          0.00110161,
          0.0000291541,
          0.0
        ],
        [
          -0.00110161,
          0.999999,
          0.0,
          0.0
        ],
        [
          -0.000029154,
          0.0,
          1.0,
          0.0
        ],
        [
          2.18566,
          0.0,
          0.005,
          1.0
        ]
      ],
      "parent_index": 23,
      "billboard_type": "Disabled"
    },
    {
      "name": "H_KneeR",
      "transform": [
        [
          0.999996,
          0.00277409,
          0.00000288578,
          0.0
        ],
        [
          -0.00277409,
          0.999996,
          0.0,
          0.0
        ],
        [
          -0.00000288577,
          0.0,
          1.0,
          0.0
        ],
        [
          2.186,
          0.0,
          -0.005,
          1.0
        ]
      ],
      "parent_index": 27,
      "billboard_type": "Disabled"
    }
  ]
}