{
  "major_version": 1,
  "minor_version": 0,
  "bones": [
    {
      "name": "Trans",
      "transform": [
        [
          1.0,
          0.0,
          0.0,
          0.0
        ],
        [
          0.0,
          1.0,
          0.0,
          0.0
        ],
        [
          0.0,
          0.0,
          1.0,
          0.0
        ],
        [
          0.0,
          0.0,
          0.0,
          1.0
        ]
      ],
      "parent_index": null,
      "billboard_type": "Disabled"
    },
    {
      "name": "Rot",
      "transform": [
        [
          1.0,
          0.0,
          0.0,
          0.0
        ],
        [
          0.0,
          1.0,
          0.0,
          0.0
        ],
        [
          0.0,
          0.0,
          1.0,
          0.0
        ],
        [
          0.0,
          10.9174,
          0.0,
          1.0
        ]
      ],
      "parent_index": 0,
      "billboard_type": "Disabled"
    },
    {
      "name": "Hip",
      "transform": [
        [
          0.0,
          1.0,
          0.0,
          0.0
        ],
        [
          0.0,
          0.0,
          1.0,
          0.0
        ],
        [
          1.0,
          0.0,
          0.0,
          0.0
        ],
        [
          0.0,
          -0.51356,
          0.503844,
          1.0
        ]
      ],
      "parent_index": 1,
      "billboard_type": "Disabled"
    },
    {
      "name": "Waist",
      "transform": [
        [
          0.999182,
          0.0404309,
          0.0,
          0.0
        ],
        [
          -0.0404309,
          0.999182,
          0.0,
          0.0
        ],
        [
          0.0,
          0.0,
          1.0,
          0.0
        ],
        [
          0.202763,
          0.0,
          0.0,
          1.0
        ]
      ],
      "parent_index": 2,
      "billboard_type": "Disabled"
    },
    {
      "name": "Bust",
      "transform": [
        [
          0.987499,
          -0.157625,
          0.0,
          0.0
        ],
        [
          0.157625,
          0.987499,
          0.0,
          0.0
        ],
        [
          0.0,
          0.0,
          1.0,
          0.0
        ],
        [
          1.27705,
          0.0,
          0.0,
          1.0
        ]
      ],
      "parent_index": 3,
      "billboard_type": "Disabled"
    },
    {
      "name": "ClavicleC",
      "transform": [
        [
          0.993065,
          0.11757,
          0.0,
          0.0
        ],
        [
          -0.11757,
          0.993065,
          0.0,
          0.0
        ],
        [
          0.0,
          0.0,
          1.0,
          0.0
        ],
        [
          2.79446,
          -0.293768,
          0.0,
          1.0
        ]
      ],
      "parent_index": 4,
      "billboard_type": "Disabled"
    },
    {
      "name": "ClavicleL",
      "transform": [
        [
          0.0,
          0.0,
          1.0,
          0.0
        ],
        [
          0.0,
          1.0,
          0.0,
          0.0
        ],
        [
          -1.0,
          0.0,
          0.0,
          0.0
        ],
        [
          0.0,
          0.0,
          1.56924,
          1.0
        ]
      ],
      "parent_index": 5,
      "billboard_type": "Disabled"
    },
    {
      "name": "ShoulderL",
      "transform": [
        [
          1.0,
          0.0,
          0.0,
          0.0
        ],
        [
          0.0,
          1.0,
          0.0,
          0.0
        ],
        [
          0.0,
          0.0,
          1.0,
          0.0
        ],
        [
          2.16685,
          0.129915,
          -0.247791,
          1.0
        ]
      ],
      "parent_index": 6,
      "billboard_type": "Disabled"
    },
    {
      "name": "ArmL",
      "transform": [
        [
          1.0,
          0.0,
          0.0,
          0.0
        ],
        [
          0.0,
          1.0,
          0.0,
          0.0
        ],
        [
          0.0,
          0.0,
          1.0,
          0.0
        ],
        [
          3.74847,
          0.219075,
          0.113275,
          1.0
        ]
      ],
      "parent_index": 7,
      "billboard_type": "Disabled"
    },
    {
      "name": "HandL",
      "transform": [
        [
          1.0,
          0.0,
          0.0,
          0.0
        ],
        [
          0.0,
          0.0,
          1.0,
          0.0
        ],
        [
          0.0,
          -1.0,
          0.0,
          0.0
        ],
        [
          3.35767,
          0.202119,
          0.101472,
          1.0
        ]
      ],
      "parent_index": 8,
      "billboard_type": "Disabled"
    },
    {
      "name": "HaveL",
      "transform": [
        [
          0.0,
          -1.0,
          0.0,
          0.0
        ],
        [
          0.0,
          0.0,
          -1.0,
          0.0
        ],
        [
          1.0,
          0.0,
          0.0,
          0.0
        ],
        [
          1.07769,
          0.0325688,
          -0.0648728,
          1.0
        ]
      ],
      "parent_index": 9,
      "billboard_type": "Disabled"
    },
    {
      "name": "HairFL",
      "transform": [
        [
          0.983936,
          0.0576087,
          0.16897,
          0.0
        ],
        [
          0.168725,
          0.00912276,
          -0.985621,
          0.0
        ],
        [
          -0.0583218,
          0.998298,
          -0.00074383,
          0.0
        ],
        [
          2.16696,
          0.129922,
          -0.247803,
          1.0
        ]
      ],
      "parent_index": 6,
      "billboard_type": "Disabled"
    },
    {
      "name": "ClavicleR",
      "transform": [
        [
          0.0,
          0.0,
          -1.0,
          0.0
        ],
        [
          0.0,
          1.0,
          0.0,
          0.0
        ],
        [
          1.0,
          0.0,
          0.0,
          0.0
        ],
        [
          0.0,
          0.0,
          -1.56924,
          1.0
        ]
      ],
      "parent_index": 5,
      "billboard_type": "Disabled"
    },
    {
      "name": "ShoulderR",
      "transform": [
        [
          1.0,
          0.0,
          0.0,
          0.0
        ],
        [
          0.0,
          1.0,
          0.0,
          0.0
        ],
        [
          0.0,
          0.0,
          1.0,
          0.0
        ],
        [
          2.16685,
          0.129915,
          0.247791,
          1.0
        ]
      ],
      "parent_index": 12,
      "billboard_type": "Disabled"
    },
    {
      "name": "ArmR",
      "transform": [
        [
          1.0,
          0.0,
          0.0,
          0.0
        ],
        [
          0.0,
          1.0,
          0.0,
          0.0
        ],
        [
          0.0,
          0.0,
          1.0,
          0.0
        ],
        [
          3.74849,
          0.219076,
          -0.113325,
          1.0
        ]
      ],
      "parent_index": 13,
      "billboard_type": "Disabled"
    },
    {
      "name": "HandR",
      "transform": [
        [
          1.0,
          0.0,
          0.0,
          0.0
        ],
        [
          0.0,
          0.0,
          -1.0,
          0.0
        ],
        [
          0.0,
          1.0,
          0.0,
          0.0
        ],
        [
          3.35767,
          0.202118,
          -0.101459,
          1.0
        ]
      ],
      "parent_index": 14,
      "billboard_type": "Disabled"
    },
    {
      "name": "HaveR",
      "transform": [
        [
          0.0,
          1.0,
          0.0,
          0.0
        ],
        [
          0.0,
          0.0,
          1.0,
          0.0
        ],
        [
          1.0,
          0.0,
          0.0,
          0.0
        ],
        [
          1.07767,
          0.0325314,
          0.0648719,
          1.0
        ]
      ],
      "parent_index": 15,
      "billboard_type": "Disabled"
    },
    {
      "name": "HairFR",
      "transform": [
        [
          0.983936,
          0.0576087,
          -0.16897,
          0.0
        ],
        [
          -0.168725,
          -0.00912284,
          -0.985621,
          0.0
        ],
        [
          -0.0583218,
          0.998298,
          0.000743751,
          0.0
        ],
        [
          2.16695,
          0.129922,
          0.247846,
          1.0
        ]
      ],
      "parent_index": 12,
      "billboard_type": "Disabled"
    },
    {
      "name": "Neck",
      "transform": [
        [
          0.883646,
          0.468155,
          0.0,
          0.0
        ],
        [
          -0.468155,
          0.883646,
          0.0,
          0.0
        ],
        [
          0.0,
          0.0,
          1.0,
          0.0
        ],
        [
          3.9092,
          0.0,
          0.0,
          1.0
        ]
      ],
      "parent_index": 4,
      "billboard_type": "Disabled"
    },
    {
      "name": "Head",
      "transform": [
        [
          0.932559,
          -0.361018,
          0.0,
          0.0
        ],
        [
          0.361018,
          0.932559,
          0.0,
          0.0
        ],
        [
          0.0,
          0.0,
          1.0,
          0.0
        ],
        [
          1.07233,
          0.0,
          0.0,
          1.0
        ]
      ],
      "parent_index": 18,
      "billboard_type": "Disabled"
    },
    {
      "name": "HairL",
      "transform": [
        [
          0.178675,
          -0.164797,
          0.970009,
          0.0
        ],
        [
          0.713032,
          -0.65765,
          -0.243069,
          0.0
        ],
        [
          0.677983,
          0.735077,
          0.0,
          0.0
        ],
        [
          0.88562,
          -0.051,
          1.02198,
          1.0
        ]
      ],
      "parent_index": 19,
      "billboard_type": "Disabled"
    },
    {
      "name": "HairLb",
      "transform": [
        [
          0.832396,
          -0.553616,
          -0.0250071,
          0.0
        ],
        [
          0.124625,
          0.143031,
          0.98184,
          0.0
        ],
        [
          -0.539986,
          -0.820397,
          0.188053,
          0.0
        ],
        [
          0.329127,
          -1.4505,
          0.119688,
          1.0
        ]
      ],
      "parent_index": 20,
      "billboard_type": "Disabled"
    },
    {
      "name": "HairLd",
      "transform": [
        [
          0.916143,
          0.383231,
          0.117537,
          0.0
        ],
        [
          -0.0749361,
          -0.124313,
          0.989409,
          0.0
        ],
        [
          0.393784,
          -0.915249,
          -0.0851703,
          0.0
        ],
        [
          1.41804,
          0.04212,
          -0.07236,
          1.0
        ]
      ],
      "parent_index": 20,
      "billboard_type": "Disabled"
    },
    {
      "name": "HairR",
      "transform": [
        [
          0.178675,
          -0.164797,
          -0.970009,
          0.0
        ],
        [
          0.713032,
          -0.65765,
          0.243069,
          0.0
        ],
        [
          -0.677983,
          -0.735078,
          0.0,
          0.0
        ],
        [
          0.885578,
          -0.05064,
          -1.02198,
          1.0
        ]
      ],
      "parent_index": 19,
      "billboard_type": "Disabled"
    },
    {
      "name": "HairRd",
      "transform": [
        [
          0.916143,
          0.383231,
          -0.117537,
          0.0
        ],
        [
          -0.0749361,
          -0.124312,
          -0.989409,
          0.0
        ],
        [
          -0.393784,
          0.915249,
          -0.0851702,
          0.0
        ],
        [
          1.41805,
          0.0421324,
          0.072348,
          1.0
        ]
      ],
      "parent_index": 23,
      "billboard_type": "Disabled"
    },
    {
      "name": "HairRb",
      "transform": [
        [
          0.832396,
          -0.553616,
          0.0250071,
          0.0
        ],
        [
          0.124625,
          0.143032,
          -0.98184,
          0.0
        ],
        [
          0.539986,
          0.820397,
          0.188054,
          0.0
        ],
        [
          0.329141,
          -1.45045,
          -0.119725,
          1.0
        ]
      ],
      "parent_index": 23,
      "billboard_type": "Disabled"
    },
    {
      "name": "EarL",
      "transform": [
        [
          0.956282,
          0.0110021,
          0.29224,
          0.0
        ],
        [
          -0.0105218,
          0.99994,
          -0.00321541,
          0.0
        ],
        [
          -0.292257,
          0.0,
          0.95634,
          0.0
        ],
        [
          2.4087,
          0.402504,
          1.10376,
          1.0
        ]
      ],
      "parent_index": 19,
      "billboard_type": "Disabled"
    },
    {
      "name": "EarR",
      "transform": [
        [
          0.956282,
          0.0110021,
          -0.29224,
          0.0
        ],
        [
          -0.0105217,
          0.99994,
          0.00321546,
          0.0
        ],
        [
          0.292257,
          0.0,
          0.95634,
          0.0
        ],
        [
          2.4087,
          0.402504,
          -1.10376,
          1.0
        ]
      ],
      "parent_index": 19,
      "billboard_type": "Disabled"
    },
    {
      "name": "Face",
      "transform": [
        [
          0.0,
          0.0,
          1.0,
          0.0
        ],
        [
          1.0,
          0.0,
          0.0,
          0.0
        ],
        [
          0.0,
          1.0,
          0.0,
          0.0
        ],
        [
          0.0,
          0.0,
          0.0,
          1.0
        ]
      ],
      "parent_index": 19,
      "billboard_type": "Disabled"
    },
    {
      "name": "Tail1",
      "transform": [
        [
          -0.5,
          -0.866025,
          0.0,
          0.0
        ],
        [
          0.866025,
          -0.5,
          0.0,
          0.0
        ],
        [
          0.0,
          0.0,
          1.0,
          0.0
        ],
        [
          -1.71451,
          -1.73617,
          0.0,
          1.0
        ]
      ],
      "parent_index": 2,
      "billboard_type": "Disabled"
    },
    {
      "name": "Tail2",
      "transform": [
        [
          1.0,
          0.0,
          0.0,
          0.0
        ],
        [
          0.0,
          1.0,
          0.0,
          0.0
        ],
        [
          0.0,
          0.0,
          1.0,
          0.0
        ],
        [
          2.56884,
          0.0,
          0.0,
          1.0
        ]
      ],
      "parent_index": 29,
      "billboard_type": "Disabled"
    },
    {
      "name": "Tail3",
      "transform": [
        [
          1.0,
          0.0,
          0.0,
          0.0
        ],
        [
          0.0,
          1.0,
          0.0,
          0.0
        ],
        [
          0.0,
          0.0,
          1.0,
          0.0
        ],
        [
          2.4958,
          0.0,
          0.0,
          1.0
        ]
      ],
      "parent_index": 30,
      "billboard_type": "Disabled"
    },
    {
      "name": "Tail4",
      "transform": [
        [
          1.0,
          0.0,
          0.0,
          0.0
        ],
        [
          0.0,
          1.0,
          0.0,
          0.0
        ],
        [
          0.0,
          0.0,
          1.0,
          0.0
        ],
        [
          2.55226,
          0.0,
          0.0,
          1.0
        ]
      ],
      "parent_index": 31,
      "billboard_type": "Disabled"
    },
    {
      "name": "Tail5",
      "transform": [
        [
          1.0,
          0.0,
          0.0,
          0.0
        ],
        [
          0.0,
          1.0,
          0.0,
          0.0
        ],
        [
          0.0,
          0.0,
          1.0,
          0.0
        ],
        [
          2.22801,
          0.0,
          0.0,
          1.0
        ]
      ],
      "parent_index": 32,
      "billboard_type": "Disabled"
    },
    {
      "name": "Roottail",
      "transform": [
        [
          1.0,
          0.0,
          0.0,
          0.0
        ],
        [
          0.0,
          1.0,
          0.0,
          0.0
        ],
        [
          0.0,
          0.0,
          1.0,
          0.0
        ],
        [
          2.23881,
          0.0,
          0.0,
          1.0
        ]
      ],
      "parent_index": 32,
      "billboard_type": "Disabled"
    },
    {
      "name": "TailCh",
      "transform": [
        [
          0.468061,
          0.172931,
          0.86661,
          0.0
        ],
        [
          0.730247,
          0.476571,
          -0.48951,
          0.0
        ],
        [
          -0.497653,
          0.86196,
          0.096782,
          0.0
        ],
        [
          0.0470724,
          0.163735,
          0.828012,
          1.0
        ]
      ],
      "parent_index": 34,
      "billboard_type": "Disabled"
    },
    {
      "name": "TailCi",
      "transform": [
        [
          0.512081,
          0.719957,
          0.468439,
          0.0
        ],
        [
          0.763549,
          -0.13177,
          -0.632163,
          0.0
        ],
        [
          -0.393403,
          0.681395,
          -0.617199,
          0.0
        ],
        [
          -0.0321603,
          0.730759,
          0.476385,
          1.0
        ]
      ],
      "parent_index": 34,
      "billboard_type": "Disabled"
    },
    {
      "name": "TailCa",
      "transform": [
        [
          0.468117,
          0.866142,
          -0.175114,
          0.0
        ],
        [
          0.868937,
          -0.415154,
          0.269436,
          0.0
        ],
        [
          0.160671,
          -0.27829,
          -0.946963,
          0.0
        ],
        [
          0.0577154,
          0.844449,
          -0.176419,
          1.0
        ]
      ],
      "parent_index": 34,
      "billboard_type": "Disabled"
    },
    {
      "name": "TailCb",
      "transform": [
        [
          0.468061,
          0.625836,
          -0.623897,
          0.0
        ],
        [
          0.76151,
          0.0725534,
          0.64408,
          0.0
        ],
        [
          0.448354,
          -0.776573,
          -0.442621,
          0.0
        ],
        [
          0.103985,
          0.668645,
          -0.664416,
          1.0
        ]
      ],
      "parent_index": 34,
      "billboard_type": "Disabled"
    },
    {
      "name": "TailCc",
      "transform": [
        [
          0.468189,
          0.157791,
          -0.869426,
          0.0
        ],
        [
          0.730685,
          0.484155,
          0.481345,
          0.0
        ],
        [
          0.496889,
          -0.860637,
          0.11138,
          0.0
        ],
        [
          0.089762,
          0.17234,
          -0.902129,
          1.0
        ]
      ],
      "parent_index": 34,
      "billboard_type": "Disabled"
    },
    {
      "name": "TailCd",
      "transform": [
        [
          0.468112,
          -0.505858,
          -0.724554,
          0.0
        ],
        [
          0.804054,
          0.583955,
          0.111778,
          0.0
        ],
        [
          0.366563,
          -0.634905,
          0.680093,
          0.0
        ],
        [
          0.0686357,
          -0.500234,
          -0.725909,
          1.0
        ]
      ],
      "parent_index": 34,
      "billboard_type": "Disabled"
    },
    {
      "name": "TailCe",
      "transform": [
        [
          0.468123,
          -0.868305,
          -0.164031,
          0.0
        ],
        [
          0.879846,
          0.475236,
          -0.00471719,
          0.0
        ],
        [
          0.0820495,
          -0.142114,
          0.986444,
          0.0
        ],
        [
          0.0669264,
          -0.864462,
          -0.157298,
          1.0
        ]
      ],
      "parent_index": 34,
      "billboard_type": "Disabled"
    },
    {
      "name": "TailCf",
      "transform": [
        [
          0.468064,
          -0.816669,
          0.337592,
          0.0
        ],
        [
          0.867423,
          0.49757,
          0.00100554,
          0.0
        ],
        [
          -0.168797,
          0.292364,
          0.941292,
          0.0
        ],
        [
          0.0581582,
          -0.797042,
          0.33157,
          1.0
        ]
      ],
      "parent_index": 34,
      "billboard_type": "Disabled"
    },
    {
      "name": "TailCg",
      "transform": [
        [
          0.469121,
          -0.35228,
          0.80983,
          0.0
        ],
        [
          0.778974,
          0.597097,
          -0.191507,
          0.0
        ],
        [
          -0.416083,
          0.720676,
          0.554527,
          0.0
        ],
        [
          0.059938,
          -0.34452,
          0.79488,
          1.0
        ]
      ],
      "parent_index": 34,
      "billboard_type": "Disabled"
    },
    {
      "name": "Feeler",
      "transform": [
        [
          1.0,
          0.0,
          0.0,
          0.0
        ],
        [
          0.0,
          1.0,
          0.0,
          0.0
        ],
        [
          0.0,
          0.0,
          1.0,
          0.0
        ],
        [
          -0.952803,
          0.0,
          0.0,
          1.0
        ]
      ],
      "parent_index": 2,
      "billboard_type": "Disabled"
    },
    {
      "name": "HornFL",
      "transform": [
        [
          -0.014457,
          0.567075,
          0.823539,
          0.0
        ],
        [
          0.999846,
          0.0,
          0.017552,
          0.0
        ],
        [
          0.00995319,
          0.823666,
          -0.566988,
          0.0
        ],
        [
          -0.0722578,
          0.929375,
          1.86528,
          1.0
        ]
      ],
      "parent_index": 44,
      "billboard_type": "Disabled"
    },
    {
      "name": "HornL",
      "transform": [
        [
          0.000472286,
          -0.0185254,
          0.999828,
          0.0
        ],
        [
          0.999675,
          0.0254856,
          0.0,
          0.0
        ],
        [
          -0.0254812,
          0.999503,
          0.0185315,
          0.0
        ],
        [
          -0.0490479,
          0.018964,
          2.14303,
          1.0
        ]
      ],
      "parent_index": 44,
      "billboard_type": "Disabled"
    },
    {
      "name": "HornBLa",
      "transform": [
        [
          0.0740704,
          -0.602041,
          0.795022,
          0.0
        ],
        [
          0.992516,
          0.122112,
          0.0,
          0.0
        ],
        [
          -0.0970814,
          0.789073,
          0.60658,
          0.0
        ],
        [
          0.0617214,
          -0.939139,
          1.84014,
          1.0
        ]
      ],
      "parent_index": 44,
      "billboard_type": "Disabled"
    },
    {
      "name": "HornBLb",
      "transform": [
        [
          0.277424,
          -0.91386,
          0.296471,
          0.0
        ],
        [
          0.95688,
          0.290484,
          0.0,
          0.0
        ],
        [
          -0.08612,
          0.283687,
          0.955042,
          0.0
        ],
        [
          0.0567024,
          -1.47188,
          1.00336,
          1.0
        ]
      ],
      "parent_index": 44,
      "billboard_type": "Disabled"
    },
    {
      "name": "HornBRb",
      "transform": [
        [
          0.277424,
          -0.91386,
          -0.296471,
          0.0
        ],
        [
          0.95688,
          0.290484,
          0.0,
          0.0
        ],
        [
          0.08612,
          -0.283687,
          0.955042,
          0.0
        ],
        [
          0.0567044,
          -1.47188,
          -1.00336,
          1.0
        ]
      ],
      "parent_index": 44,
      "billboard_type": "Disabled"
    },
    {
      "name": "HornBRa",
      "transform": [
        [
          0.0740704,
          -0.602041,
          -0.795022,
          0.0
        ],
        [
          0.992516,
          0.122112,
          0.0,
          0.0
        ],
        [
          0.0970814,
          -0.789073,
          0.60658,
          0.0
        ],
        [
          0.0617264,
          -0.939138,
          -1.84014,
          1.0
        ]
      ],
      "parent_index": 44,
      "billboard_type": "Disabled"
    },
    {
      "name": "HornR",
      "transform": [
        [
          0.000472286,
          -0.0185254,
          -0.999828,
          0.0
        ],
        [
          0.999675,
          0.0254856,
          0.0,
          0.0
        ],
        [
          0.0254812,
          -0.999503,
          0.0185315,
          0.0
        ],
        [
          -0.0490492,
          0.0189642,
          -2.14303,
          1.0
        ]
      ],
      "parent_index": 44,
      "billboard_type": "Disabled"
    },
    {
      "name": "HornFR",
      "transform": [
        [
          -0.0144531,
          0.56707,
          -0.823542,
          0.0
        ],
        [
          0.999846,
          -0.00000507494,
          -0.0175507,
          0.0
        ],
        [
          -0.00995667,
          -0.823669,
          -0.566983,
          0.0
        ],
        [
          -0.072,
          0.929,
          -1.865,
          1.0
        ]
      ],
      "parent_index": 44,
      "billboard_type": "Disabled"
    },
    {
      "name": "FeelerCa",
      "transform": [
        [
          1.0,
          0.0,
          0.0,
          0.0
        ],
        [
          0.0,
          0.0,
          -1.0,
          0.0
        ],
        [
          0.0,
          1.0,
          0.0,
          0.0
        ],
        [
          0.000108,
          0.0,
          0.0,
          1.0
        ]
      ],
      "parent_index": 44,
      "billboard_type": "Disabled"
    },
    {
      "name": "FeelerCb",
      "transform": [
        [
          1.0,
          0.0,
          0.0,
          0.0
        ],
        [
          0.0,
          0.0,
          1.0,
          0.0
        ],
        [
          0.0,
          -1.0,
          0.0,
          0.0
        ],
        [
          0.000216,
          0.0,
          0.0,
          1.0
        ]
      ],
      "parent_index": 44,
      "billboard_type": "Disabled"
    },
    {
      "name": "FeelerCc",
      "transform": [
        [
          -1.0,
          0.0,
          0.0,
          0.0
        ],
        [
          0.0,
          -1.0,
          0.0,
          0.0
        ],
        [
          0.0,
          0.0,
          1.0,
          0.0
        ],
        [
          -0.000108,
          0.0,
          0.0,
          1.0
        ]
      ],
      "parent_index": 44,
      "billboard_type": "Disabled"
    },
    {
      "name": "FeelerCd",
      "transform": [
        [
          -1.0,
          0.0,
          0.0,
          0.0
        ],
        [
          0.0,
          1.0,
          0.0,
          0.0
        ],
        [
          0.0,
          0.0,
          -1.0,
          0.0
        ],
        [
          -0.000216,
          0.0,
          0.0,
          1.0
        ]
      ],
      "parent_index": 44,
      "billboard_type": "Disabled"
    },
    {
      "name": "LegC",
      "transform": [
        [
          1.0,
          0.0,
          0.0,
          0.0
        ],
        [
          0.0,
          1.0,
          0.0,
          0.0
        ],
        [
          0.0,
          0.0,
          1.0,
          0.0
        ],
        [
          -1.66289,
          0.0347593,
          0.0,
          1.0
        ]
      ],
      "parent_index": 2,
      "billboard_type": "Disabled"
    },
    {
      "name": "LegR",
      "transform": [
        [
          -0.999222,
          0.0393648,
          -0.00243243,
          0.0
        ],
        [
          -0.0393647,
          -0.999225,
          -0.0000958266,
          0.0
        ],
        [
          -0.00243432,
          0.0,
          0.999997,
          0.0
        ],
        [
          0.0,
          0.0,
          -1.27877,
          1.0
        ]
      ],
      "parent_index": 57,
      "billboard_type": "Disabled"
    },
    {
      "name": "KneeR",
      "transform": [
        [
          0.996677,
          0.0814528,
          -0.000922088,
          0.0
        ],
        [
          -0.0814528,
          0.996677,
          0.0000376158,
          0.0
        ],
        [
          0.000922088,
          0.0000376158,
          1.0,
          0.0
        ],
        [
          3.81397,
          0.0,
          0.0,
          1.0
        ]
      ],
      "parent_index": 58,
      "billboard_type": "Disabled"
    },
    {
      "name": "FootR",
      "transform": [
        [
          0.998976,
          -0.045107,
          0.00359269,
          0.0
        ],
        [
          0.0451072,
          0.998982,
          0.00000147324,
          0.0
        ],
        [
          -0.0035891,
          0.000160584,
          0.999994,
          0.0
        ],
        [
          3.81354,
          0.0,
          0.0,
          1.0
        ]
      ],
      "parent_index": 59,
      "billboard_type": "Disabled"
    },
    {
      "name": "ToeR",
      "transform": [
        [
          0.0029544,
          -0.999996,
          -0.0000104299,
          0.0
        ],
        [
          0.999996,
          0.0029544,
          -0.0000103991,
          0.0
        ],
        [
          0.0000104299,
          -0.0000103991,
          1.0,
          0.0
        ],
        [
          0.460749,
          -1.03217,
          0.0101574,
          1.0
        ]
      ],
      "parent_index": 60,
      "billboard_type": "Disabled"
    },
    {
      "name": "ToeRb",
      "transform": [
        [
          0.974132,
          0.225744,
          0.0103287,
          0.0
        ],
        [
          -0.0113167,
          0.00308303,
          0.999931,
          0.0
        ],
        [
          0.225697,
          -0.974182,
          0.00555796,
          0.0
        ],
        [
          0.817205,
          -0.021369,
          0.00931645,
          1.0
        ]
      ],
      "parent_index": 61,
      "billboard_type": "Disabled"
    },
    {
      "name": "LegL",
      "transform": [
        [
          -0.999222,
          0.0393643,
          0.00243322,
          0.0
        ],
        [
          -0.0393642,
          -0.999225,
          0.0000958577,
          0.0
        ],
        [
          0.00243511,
          0.0,
          0.999997,
          0.0
        ],
        [
          0.0,
          0.0,
          1.27878,
          1.0
        ]
      ],
      "parent_index": 57,
      "billboard_type": "Disabled"
    },
    {
      "name": "KneeL",
      "transform": [
        [
          0.996677,
          0.0814528,
          0.000922824,
          0.0
        ],
        [
          -0.0814528,
          0.996677,
          -0.0000376459,
          0.0
        ],
        [
          -0.000922824,
          -0.0000376459,
          1.0,
          0.0
        ],
        [
          3.81397,
          0.0,
          0.0,
          1.0
        ]
      ],
      "parent_index": 63,
      "billboard_type": "Disabled"
    },
    {
      "name": "FootL",
      "transform": [
        [
          0.998976,
          -0.045107,
          -0.00359432,
          0.0
        ],
        [
          0.0451073,
          0.998982,
          -0.00000147447,
          0.0
        ],
        [
          0.00359073,
          -0.000160657,
          0.999994,
          0.0
        ],
        [
          3.81355,
          0.0,
          0.0,
          1.0
        ]
      ],
      "parent_index": 64,
      "billboard_type": "Disabled"
    },
    {
      "name": "ToeL",
      "transform": [
        [
          0.00295443,
          -0.999996,
          0.0000104346,
          0.0
        ],
        [
          0.999996,
          0.00295443,
          0.0000104039,
          0.0
        ],
        [
          -0.0000104347,
          0.0000104039,
          1.0,
          0.0
        ],
        [
          0.460752,
          -1.03217,
          -0.0101671,
          1.0
        ]
      ],
      "parent_index": 65,
      "billboard_type": "Disabled"
    },
    {
      "name": "ToeLb",
      "transform": [
        [
          0.974132,
          0.225744,
          -0.0103287,
          0.0
        ],
        [
          0.0113167,
          -0.00308303,
          0.999931,
          0.0
        ],
        [
          0.225697,
          -0.974182,
          -0.00555796,
          0.0
        ],
        [
          0.817202,
          -0.0213733,
          -0.0093146,
          1.0
        ]
      ],
      "parent_index": 66,
      "billboard_type": "Disabled"
    },
    {
      "name": "Throw",
      "transform": [
        [
          1.0,
          0.0,
          0.0,
          0.0
        ],
        [
          0.0,
          1.0,
          0.0,
          0.0
        ],
        [
          0.0,
          0.0,
          1.0,
          0.0
        ],
        [
          0.0,
          -10.9174,
          0.0,
          1.0
        ]
      ],
      "parent_index": 1,
      "billboard_type": "Disabled"
    },
    {
      "name": "FingerL10",
      "transform": [
        [
          1.0,
          0.0,
          0.0,
          0.0
        ],
        [
          0.0,
          1.0,
          0.0,
          0.0
        ],
        [
          0.0,
          0.0,
          1.0,
          0.0
        ],
        [
          0.298563,
          0.0,
          -0.254741,
          1.0
        ]
      ],
      "parent_index": 9,
      "billboard_type": "Disabled"
    },
    {
      "name": "FingerL20",
      "transform": [
        [
          1.0,
          0.0,
          0.0,
          0.0
        ],
        [
          0.0,
          1.0,
          0.0,
          0.0
        ],
        [
          0.0,
          0.0,
          1.0,
          0.0
        ],
        [
          0.0,
          0.0,
          0.16,
          1.0
        ]
      ],
      "parent_index": 69,
      "billboard_type": "Disabled"
    },
    {
      "name": "FingerL30",
      "transform": [
        [
          1.0,
          0.0,
          0.0,
          0.0
        ],
        [
          0.0,
          1.0,
          0.0,
          0.0
        ],
        [
          0.0,
          0.0,
          1.0,
          0.0
        ],
        [
          0.0,
          0.0,
          0.16,
          1.0
        ]
      ],
      "parent_index": 70,
      "billboard_type": "Disabled"
    },
    {
      "name": "FingerL40",
      "transform": [
        [
          1.0,
          0.0,
          0.0,
          0.0
        ],
        [
          0.0,
          1.0,
          0.0,
          0.0
        ],
        [
          0.0,
          0.0,
          1.0,
          0.0
        ],
        [
          0.0,
          0.0,
          0.16,
          1.0
        ]
      ],
      "parent_index": 71,
      "billboard_type": "Disabled"
    },
    {
      "name": "FingerL41",
      "transform": [
        [
          0.869496,
          0.0,
          0.493941,
          0.0
        ],
        [
          0.0,
          1.0,
          0.0,
          0.0
        ],
        [
          -0.493941,
          0.0,
          0.869496,
          0.0
        ],
        [
          1.09535,
          0.0688517,
          0.633936,
          1.0
        ]
      ],
      "parent_index": 72,
      "billboard_type": "Disabled"
    },
    {
      "name": "FingerL42",
      "transform": [
        [
          1.0,
          0.0,
          0.0,
          0.0
        ],
        [
          0.0,
          1.0,
          0.0,
          0.0
        ],
        [
          0.0,
          0.0,
          1.0,
          0.0
        ],
        [
          0.5076,
          0.0,
          0.0,
          1.0
        ]
      ],
      "parent_index": 73,
      "billboard_type": "Disabled"
    },
    {
      "name": "FingerL43",
      "transform": [
        [
          1.0,
          0.0,
          0.0,
          0.0
        ],
        [
          0.0,
          1.0,
          0.0,
          0.0
        ],
        [
          0.0,
          0.0,
          1.0,
          0.0
        ],
        [
          0.67608,
          0.0,
          0.0,
          1.0
        ]
      ],
      "parent_index": 74,
      "billboard_type": "Disabled"
    },
    {
      "name": "FingerL31",
      "transform": [
        [
          0.965771,
          0.0,
          0.259397,
          0.0
        ],
        [
          0.0,
          1.0,
          0.0,
          0.0
        ],
        [
          -0.259397,
          0.0,
          0.965771,
          0.0
        ],
        [
          1.43588,
          0.0141995,
          0.275787,
          1.0
        ]
      ],
      "parent_index": 71,
      "billboard_type": "Disabled"
    },
    {
      "name": "FingerL32",
      "transform": [
        [
          1.0,
          0.0,
          0.0,
          0.0
        ],
        [
          0.0,
          1.0,
          0.0,
          0.0
        ],
        [
          0.0,
          0.0,
          1.0,
          0.0
        ],
        [
          0.572708,
          -0.000115446,
          -0.000415944,
          1.0
        ]
      ],
      "parent_index": 76,
      "billboard_type": "Disabled"
    },
    {
      "name": "FingerL33",
      "transform": [
        [
          1.0,
          0.0,
          0.0,
          0.0
        ],
        [
          0.0,
          1.0,
          0.0,
          0.0
        ],
        [
          0.0,
          0.0,
          1.0,
          0.0
        ],
        [
          0.655753,
          -0.000132187,
          -0.000476258,
          1.0
        ]
      ],
      "parent_index": 77,
      "billboard_type": "Disabled"
    },
    {
      "name": "FingerL21",
      "transform": [
        [
          0.999986,
          0.0,
          -0.00536824,
          0.0
        ],
        [
          0.0,
          1.0,
          0.0,
          0.0
        ],
        [
          0.00536824,
          0.0,
          0.999986,
          0.0
        ],
        [
          1.64875,
          0.00593297,
          -0.251145,
          1.0
        ]
      ],
      "parent_index": 70,
      "billboard_type": "Disabled"
    },
    {
      "name": "FingerL22",
      "transform": [
        [
          1.0,
          0.0,
          0.0,
          0.0
        ],
        [
          0.0,
          1.0,
          0.0,
          0.0
        ],
        [
          0.0,
          0.0,
          1.0,
          0.0
        ],
        [
          0.604765,
          0.00637599,
          -0.00112138,
          1.0
        ]
      ],
      "parent_index": 79,
      "billboard_type": "Disabled"
    },
    {
      "name": "FingerL23",
      "transform": [
        [
          1.0,
          0.0,
          0.0,
          0.0
        ],
        [
          0.0,
          1.0,
          0.0,
          0.0
        ],
        [
          0.0,
          0.0,
          1.0,
          0.0
        ],
        [
          0.69116,
          0.00728685,
          -0.00128158,
          1.0
        ]
      ],
      "parent_index": 80,
      "billboard_type": "Disabled"
    },
    {
      "name": "FingerL11",
      "transform": [
        [
          0.930288,
          0.0,
          -0.366831,
          0.0
        ],
        [
          0.0,
          1.0,
          0.0,
          0.0
        ],
        [
          0.366831,
          0.0,
          0.930288,
          0.0
        ],
        [
