{
  "major_version": 1,
  "minor_version": 0,
  "bones": [
    {
      "name": "Trans",
      "transform": [
        [
          1.0,
          0.0,
          0.0,
          0.0
        ],
        [
          0.0,
          1.0,
          0.0,
          0.0
        ],
        [
          0.0,
          0.0,
          1.0,
          0.0
        ],
        [
          0.0,
          0.0,
          0.0,
          1.0
        ]
      ],
      "parent_index": null,
      "billboard_type": "Disabled"
    },
    {
      "name": "Rot",
      "transform": [
        [
          1.0,
          0.0,
          0.0,
          0.0
        ],
        [
          0.0,
          1.0,
          0.0,
          0.0
        ],
        [
          0.0,
          0.0,
          1.0,
          0.0
        ],
        [
          0.0,
          11.041,
          0.0584726,
          1.0
        ]
      ],
      "parent_index": 0,
      "billboard_type": "Disabled"
    },
    {
      "name": "Hip",
      "transform": [
        [
          0.0,
          0.999048,
          0.0436194,
          0.0
        ],
        [
          0.0,
          -0.0436194,
          0.999048,
          0.0
        ],
        [
          1.0,
          0.0,
          0.0,
          0.0
        ],
        [
          0.0,
          0.115,
          0.057,
          1.0
        ]
      ],
      "parent_index": 1,
      "billboard_type": "Disabled"
    },
    {
      "name": "Waist",
      "transform": [
        [
          0.999996,
          -0.00274886,
          0.0,
          0.0
        ],
        [
          0.00274886,
          0.999996,
          0.0,
          0.0
        ],
        [
          0.0,
          0.0,
          1.0,
          0.0
        ],
        [
          0.761,
          0.0,
          0.0,
          1.0
        ]
      ],
      "parent_index": 2,
      "billboard_type": "Disabled"
    },
    {
      "name": "Bust",
      "transform": [
        [
          0.985706,
          -0.168472,
          0.0,
          0.0
        ],
        [
          0.168472,
          0.985706,
          0.0,
          0.0
        ],
        [
          0.0,
          0.0,
          1.0,
          0.0
        ],
        [
          2.00911,
          0.0,
          0.0,
          1.0
        ]
      ],
      "parent_index": 3,
      "billboard_type": "Disabled"
    },
    {
      "name": "Neck",
      "transform": [
        [
          0.872121,
          0.48929,
          -0.0000019519,
          0.0
        ],
        [
          -0.48929,
          0.872121,
          0.0,
          0.0
        ],
        [
          0.0000019519,
          0.0,
          1.0,
          0.0
        ],
        [
          3.007,
          0.0,
          0.0,
          1.0
        ]
      ],
      "parent_index": 4,
      "billboard_type": "Disabled"
    },
    {
      "name": "Head",
      "transform": [
        [
          0.92759,
          -0.373599,
          0.00000152703,
          0.0
        ],
        [
          0.373599,
          0.92759,
          0.0,
          0.0
        ],
        [
          -0.00000152703,
          0.0,
          1.0,
          0.0
        ],
        [
          0.843053,
          0.0,
          0.0,
          1.0
        ]
      ],
      "parent_index": 5,
      "billboard_type": "Disabled"
    },
    {
      "name": "Face",
      "transform": [
        [
          0.0,
          0.0,
          1.0,
          0.0
        ],
        [
          0.999413,
          0.0342528,
          0.0,
          0.0
        ],
        [
          -0.0342528,
          0.999413,
          0.0,
          0.0
        ],
        [
          0.0,
          0.0,
          0.0,
          1.0
        ]
      ],
      "parent_index": 6,
      "billboard_type": "Disabled"
    },
    {
      "name": "ClavicleC",
      "transform": [
        [
          1.0,
          0.0,
          0.0,
          0.0
        ],
        [
          0.0,
          1.0,
          0.0,
          0.0
        ],
        [
          0.0,
          0.0,
          1.0,
          0.0
        ],
        [
          2.648,
          0.0,
          0.0,
          1.0
        ]
      ],
      "parent_index": 4,
      "billboard_type": "Disabled"
    },
    {
      "name": "ClavicleL",
      "transform": [
        [
          0.0163939,
          -0.126983,
          0.991769,
          0.0
        ],
        [
          -0.126983,
          0.983607,
          0.128037,
          0.0
        ],
        [
          -0.991769,
          -0.128037,
          0.0,
          0.0
        ],
        [
          0.0,
          0.0,
          0.539338,
          1.0
        ]
      ],
      "parent_index": 8,
      "billboard_type": "Disabled"
    },
    {
      "name": "ShoulderL",
      "transform": [
        [
          0.990326,
          0.138758,
          0.0,
          0.0
        ],
        [
          -0.138758,
          0.990326,
          0.0,
          0.0
        ],
        [
          0.0,
          0.0,
          1.0,
          0.0
        ],
        [
          1.67812,
          0.0,
          0.562229,
          1.0
        ]
      ],
      "parent_index": 9,
      "billboard_type": "Disabled"
    },
    {
      "name": "ArmL",
      "transform": [
        [
          1.0,
          0.0,
          0.0,
          0.0
        ],
        [
          0.0,
          1.0,
          0.0,
          0.0
        ],
        [
          0.0,
          0.0,
          1.0,
          0.0
        ],
        [
          2.77043,
          0.0,
          0.0,
          1.0
        ]
      ],
      "parent_index": 10,
      "billboard_type": "Disabled"
    },
    {
      "name": "HandL",
      "transform": [
        [
          0.999941,
          -0.0108181,
          0.0,
          0.0
        ],
        [
          -0.00000633657,
          -0.000585705,
          1.0,
          0.0
        ],
        [
          -0.0108181,
          -0.999941,
          -0.000585739,
          0.0
        ],
        [
          2.875,
          0.0,
          0.0,
          1.0
        ]
      ],
      "parent_index": 11,
      "billboard_type": "Disabled"
    },
    {
      "name": "HaveL",
      "transform": [
        [
          0.0,
          -1.0,
          0.0,
          0.0
        ],
        [
          0.0,
          0.0,
          -1.0,
          0.0
        ],
        [
          1.0,
          0.0,
          0.0,
          0.0
        ],
        [
          1.043,
          0.146,
          -0.014861,
          1.0
        ]
      ],
      "parent_index": 12,
      "billboard_type": "Disabled"
    },
    {
      "name": "ShoulderpadL",
      "transform": [
        [
          1.0,
          0.0,
          0.0,
          0.0
        ],
        [
          0.0,
          0.906308,
          -0.422618,
          0.0
        ],
        [
          0.0,
          0.422618,
          0.906308,
          0.0
        ],
        [
          0.001,
          0.0,
          0.0,
          1.0
        ]
      ],
      "parent_index": 10,
      "billboard_type": "Disabled"
    },
    {
      "name": "ClavicleR",
      "transform": [
        [
          0.0163929,
          -0.126983,
          -0.991769,
          0.0
        ],
        [
          -0.126983,
          0.983607,
          -0.128037,
          0.0
        ],
        [
          0.991769,
          0.128037,
          0.0,
          0.0
        ],
        [
          0.0,
          0.0,
          -0.539338,
          1.0
        ]
      ],
      "parent_index": 8,
      "billboard_type": "Disabled"
    },
    {
      "name": "ShoulderR",
      "transform": [
        [
          0.990327,
          0.13875,
          0.0,
          0.0
        ],
        [
          -0.13875,
          0.990327,
          0.0,
          0.0
        ],
        [
          0.0,
          0.0,
          1.0,
          0.0
        ],
        [
          1.67812,
          0.0,
          -0.562129,
          1.0
        ]
      ],
      "parent_index": 15,
      "billboard_type": "Disabled"
    },
    {
      "name": "ArmR",
      "transform": [
        [
          1.0,
          0.0,
          0.0,
          0.0
        ],
        [
          0.0,
          1.0,
          0.0,
          0.0
        ],
        [
          0.0,
          0.0,
          1.0,
          0.0
        ],
        [
          2.77043,
          0.0,
          0.0,
          1.0
        ]
      ],
      "parent_index": 16,
      "billboard_type": "Disabled"
    },
    {
      "name": "HandR",
      "transform": [
        [
          0.999941,
          -0.01081,
          0.0,
          0.0
        ],
        [
          0.0,
          0.0,
          -1.0,
          0.0
        ],
        [
          0.01081,
          0.999942,
          0.0,
          0.0
        ],
        [
          2.875,
          0.0,
          0.0,
          1.0
        ]
      ],
      "parent_index": 17,
      "billboard_type": "Disabled"
    },
    {
      "name": "HaveR",
      "transform": [
        [
          0.0,
          1.0,
          0.0,
          0.0
        ],
        [
          0.0,
          0.0,
          1.0,
          0.0
        ],
        [
          1.0,
          0.0,
          0.0,
          0.0
        ],
        [
          1.043,
          0.146,
          0.014861,
          1.0
        ]
      ],
      "parent_index": 18,
      "billboard_type": "Disabled"
    },
    {
      "name": "Sword",
      "transform": [
        [
          1.0,
          0.0,
          0.0,
          0.0
        ],
        [
          0.0,
          1.0,
          0.0,
          0.0
        ],
        [
          0.0,
          0.0,
          1.0,
          0.0
        ],
        [
          0.0,
          0.0,
          0.0,
          1.0
        ]
      ],
      "parent_index": 19,
      "billboard_type": "Disabled"
    },
    {
      "name": "LegC",
      "transform": [
        [
          1.0,
          0.0,
          0.0,
          0.0
        ],
        [
          0.0,
          1.0,
          0.0,
          0.0
        ],
        [
          0.0,
          0.0,
          1.0,
          0.0
        ],
        [
          -0.138,
          0.0,
          0.0,
          1.0
        ]
      ],
      "parent_index": 2,
      "billboard_type": "Disabled"
    },
    {
      "name": "LegL",
      "transform": [
        [
          -0.999966,
          -0.00822032,
          0.0,
          0.0
        ],
        [
          0.00822032,
          -0.999966,
          0.0,
          0.0
        ],
        [
          0.0,
          0.0,
          1.0,
          0.0
        ],
        [
          0.0,
          0.0,
          0.965339,
          1.0
        ]
      ],
      "parent_index": 21,
      "billboard_type": "Disabled"
    },
    {
      "name": "KneeL",
      "transform": [
        [
          0.99961,
          -0.0279216,
          0.0,
          0.0
        ],
        [
          0.0279216,
          0.99961,
          0.0,
          0.0
        ],
        [
          0.0,
          0.0,
          1.0,
          0.0
        ],
        [
          4.75158,
          0.0,
          0.0,
          1.0
        ]
      ],
      "parent_index": 22,
      "billboard_type": "Disabled"
    },
    {
      "name": "FootL",
      "transform": [
        [
          0.999713,
          -0.0239261,
          0.0,
          0.0
        ],
        [
          0.0239261,
          0.999713,
          0.0,
          0.0
        ],
        [
          0.0,
          0.0,
          1.0,
          0.0
        ],
        [
          4.96927,
          0.0,
          0.0,
          1.0
        ]
      ],
      "parent_index": 23,
      "billboard_type": "Disabled"
    },
    {
      "name": "ToeL",
      "transform": [
        [
          0.0,
          -1.0,
          0.0,
          0.0
        ],
        [
          1.0,
          0.0,
          0.0,
          0.0
        ],
        [
          0.0,
          0.0,
          1.0,
          0.0
        ],
        [
          1.04064,
          -1.73777,
          0.00916,
          1.0
        ]
      ],
      "parent_index": 24,
      "billboard_type": "Disabled"
    },
    {
      "name": "LegR",
      "transform": [
        [
          -0.999966,
          -0.00822032,
          0.0,
          0.0
        ],
        [
          0.00822032,
          -0.999966,
          0.0,
          0.0
        ],
        [
          0.0,
          0.0,
          1.0,
          0.0
        ],
        [
          0.0,
          0.0,
          -0.965339,
          1.0
        ]
      ],
      "parent_index": 21,
      "billboard_type": "Disabled"
    },
    {
      "name": "KneeR",
      "transform": [
        [
          0.99961,
          -0.0279216,
          0.0,
          0.0
        ],
        [
          0.0279216,
          0.99961,
          0.0,
          0.0
        ],
        [
          0.0,
          0.0,
          1.0,
          0.0
        ],
        [
          4.75158,
          0.0,
          0.0,
          1.0
        ]
      ],
      "parent_index": 26,
      "billboard_type": "Disabled"
    },
    {
      "name": "FootR",
      "transform": [
        [
          0.999714,
          -0.0239262,
          0.0,
          0.0
        ],
        [
          0.0239262,
          0.999714,
          0.0,
          0.0
        ],
        [
          0.0,
          0.0,
          1.0,
          0.0
        ],
        [
          4.96927,
          0.0,
          0.0,
          1.0
        ]
      ],
      "parent_index": 27,
      "billboard_type": "Disabled"
    },
    {
      "name": "ToeR",
      "transform": [
        [
          0.0,
          -1.0,
          0.0,
          0.0
        ],
        [
          1.0,
          0.0,
          0.0,
          0.0
        ],
        [
          0.0,
          0.0,
          1.0,
          0.0
        ],
        [
          1.04064,
          -1.73777,
          -0.00915929,
          1.0
        ]
      ],
      "parent_index": 28,
      "billboard_type": "Disabled"
    },
    {
      "name": "Throw",
      "transform": [
        [
          1.0,
          0.0,
          0.0,
          0.0
        ],
        [
          0.0,
          1.0,
          0.0,
          0.0
        ],
        [
          0.0,
          0.0,
          1.0,
          0.0
        ],
        [
          0.0,
          -11.2407,
          -0.0584726,
          1.0
        ]
      ],
      "parent_index": 1,
      "billboard_type": "Disabled"
    },
    {
      "name": "S_HeadbandR1",
      "transform": [
        [
          -0.48035,
          -0.863316,
          -0.154759,
          0.0
        ],
        [
          0.877071,
          -0.472139,
          -0.0884992,
          0.0
        ],
        [
          0.0033352,
          -0.178245,
          0.983981,
          0.0
        ],
        [
          1.20002,
          -1.39826,
          0.0102604,
          1.0
        ]
      ],
      "parent_index": 6,
      "billboard_type": "Disabled"
    },
    {
      "name": "S_HeadbandR2",
      "transform": [
        [
          1.0,
          0.0,
          0.0,
          0.0
        ],
        [
          0.0,
          1.0,
          0.0,
          0.0
        ],
        [
          0.0,
          0.0,
          1.0,
          0.0
        ],
        [
          1.4,
          0.0,
          0.0,
          1.0
        ]
      ],
      "parent_index": 31,
      "billboard_type": "Disabled"
    },
    {
      "name": "S_HeadbandR3",
      "transform": [
        [
          1.0,
          0.0,
          0.0,
          0.0
        ],
        [
          0.0,
          1.0,
          0.0,
          0.0
        ],
        [
          0.0,
          0.0,
          1.0,
          0.0
        ],
        [
          1.4,
          0.0,
          0.0,
          1.0
        ]
      ],
      "parent_index": 32,
      "billboard_type": "Disabled"
    },
    {
      "name": "S_HeadbandR4_null",
      "transform": [
        [
          1.0,
          0.0,
          0.0,
          0.0
        ],
        [
          0.0,
          1.0,
          0.0,
          0.0
        ],
        [
          0.0,
          0.0,
          1.0,
          0.0
        ],
        [
          1.4,
          0.0,
          0.0,
          1.0
        ]
      ],
      "parent_index": 33,
      "billboard_type": "Disabled"
    },
    {
      "name": "S_HeadbandL1",
      "transform": [
        [
          -0.478578,
          -0.865204,
          0.149617,
          0.0
        ],
        [
          0.878025,
          -0.470418,
          0.0882017,
          0.0
        ],
        [
          -0.00593013,
          0.173579,
          0.984802,
          0.0
        ],
        [
          1.20002,
          -1.39826,
          -0.0102605,
          1.0
        ]
      ],
      "parent_index": 6,
      "billboard_type": "Disabled"
    },
    {
      "name": "S_HeadbandL2",
      "transform": [
        [
          1.0,
          0.0,
          0.0,
          0.0
        ],
        [
          0.0,
          1.0,
          0.0,
          0.0
        ],
        [
          0.0,
          0.0,
          1.0,
          0.0
        ],
        [
          1.4,
          0.0,
          0.0,
          1.0
        ]
      ],
      "parent_index": 35,
      "billboard_type": "Disabled"
    },
    {
      "name": "S_HeadbandL3",
      "transform": [
        [
          1.0,
          0.0,
          0.0,
          0.0
        ],
        [
          0.0,
          1.0,
          0.0,
          0.0
        ],
        [
          0.0,
          0.0,
          1.0,
          0.0
        ],
        [
          1.4,
          0.0,
          0.0,
          1.0
        ]
      ],
      "parent_index": 36,
      "billboard_type": "Disabled"
    },
    {
      "name": "S_HeadbandL4_null",
      "transform": [
        [
          1.0,
          0.0,
          0.0,
          0.0
        ],
        [
          0.0,
          1.0,
          0.0,
          0.0
        ],
        [
          0.0,
          0.0,
          1.0,
          0.0
        ],
        [
          1.4,
          0.0,
          0.0,
          1.0
        ]
      ],
      "parent_index": 37,
      "billboard_type": "Disabled"
    },
    {
      "name": "S_HairFL1",
      "transform": [
        [
          0.252702,
          -0.835371,
          0.488158,
          0.0
        ],
        [
          0.739587,
          0.492073,
          0.459212,
          0.0
        ],
        [
          -0.623821,
          0.244991,
          0.742177,
          0.0
        ],
        [
          2.04949,
          0.280132,
          0.258826,
          1.0
        ]
      ],
      "parent_index": 6,
      "billboard_type": "Disabled"
    },
    {
      "name": "S_HairFL2_null",
      "transform": [
        [
          1.0,
          0.0,
          0.0,
          0.0
        ],
        [
          0.0,
          1.0,
          0.0,
          0.0
        ],
        [
          0.0,
          0.0,
          1.0,
          0.0
        ],
        [
          1.0,
          0.0,
          0.0,
          1.0
        ]
      ],
      "parent_index": 39,
      "billboard_type": "Disabled"
    },
    {
      "name": "S_HairC1",
      "transform": [
        [
          0.271633,
          -0.962401,
          0.0000619109,
          0.0
        ],
        [
          0.962401,
          0.271633,
          0.0,
          0.0
        ],
        [
          -0.0000168171,
          0.0000595831,
          1.0,
          0.0
        ],
        [
          2.28472,
          0.194898,
          -0.39926,
          1.0
        ]
      ],
      "parent_index": 6,
      "billboard_type": "Disabled"
    },
    {
      "name": "S_HairC2_null",
      "transform": [
        [
          1.0,
          0.0,
          0.0,
          0.0
        ],
        [
          0.0,
          1.0,
          0.0,
          0.0
        ],
        [
          0.0,
          0.0,
          1.0,
          0.0
        ],
        [
          1.0,
          0.0,
          0.0,
          1.0
        ]
      ],
      "parent_index": 41,
      "billboard_type": "Disabled"
    },
    {
      "name": "S_HairFR1",
      "transform": [
        [
          0.385044,
          -0.869886,
          -0.308287,
          0.0
        ],
        [
          0.417802,
          0.462151,
          -0.782214,
          0.0
        ],
        [
          0.822912,
          0.172384,
          0.541388,
          0.0
        ],
        [
          2.02935,
          0.462715,
          -0.739676,
          1.0
        ]
      ],
      "parent_index": 6,
      "billboard_type": "Disabled"
    },
    {
      "name": "S_HairFR2_null",
      "transform": [
        [
          1.0,
          0.0,
          0.0,
          0.0
        ],
        [
          0.0,
          1.0,
          0.0,
          0.0
        ],
        [
          0.0,
          0.0,
          1.0,
          0.0
        ],
        [
          1.0,
          0.0,
          0.0,
          1.0
        ]
      ],
      "parent_index": 43,
      "billboard_type": "Disabled"
    },
    {
      "name": "S_HairB1",
      "transform": [
        [
          0.271633,
          -0.962401,
          -0.000311799,
          0.0
        ],
        [
          0.962401,
          0.271633,
          0.0,
          0.0
        ],
        [
          0.0000846949,
          -0.000300075,
          1.0,
          0.0
        ],
        [
          2.25385,
          -0.659583,
          -0.17136,
          1.0
        ]
      ],
      "parent_index": 6,
      "billboard_type": "Disabled"
    },
    {
      "name": "S_HairB2_null",
      "transform": [
        [
          1.0,
          0.0,
          0.0,
          0.0
        ],
        [
          0.0,
          1.0,
          0.0,
          0.0
        ],
        [
          0.0,
          0.0,
          1.0,
          0.0
        ],
        [
          1.0,
          0.0,
          0.0,
          1.0
        ]
      ],
      "parent_index": 45,
      "billboard_type": "Disabled"
    },
    {
      "name": "S_HairR1",
      "transform": [
        [
          -0.158912,
          -0.969252,
          0.18788,
          0.0
        ],
        [
          0.568164,
          -0.245408,
          -0.785471,
          0.0
        ],
        [
          0.807426,
          -0.0180743,
          0.589692,
          0.0
        ],
        [
          2.18492,
          -0.456938,
          -0.812588,
          1.0
        ]
      ],
      "parent_index": 6,
      "billboard_type": "Disabled"
    },
    {
      "name": "S_HairR2_null",
      "transform": [
        [
          1.0,
          0.0,
          0.0,
          0.0
        ],
        [
          0.0,
          1.0,
          0.0,
          0.0
        ],
        [
          0.0,
          0.0,
          1.0,
          0.0
        ],
        [
          1.0,
          0.0,
          0.0,
          1.0
        ]
      ],
      "parent_index": 47,
      "billboard_type": "Disabled"
    },
    {
      "name": "S_HairL1",
      "transform": [
        [
          -0.164513,
          -0.969486,
          0.181748,
          0.0
        ],
        [
          0.764057,
          -0.00871929,
          0.64509,
          0.0
        ],
        [
          -0.623821,
          0.244991,
          0.742177,
          0.0
        ],
        [
          2.22738,
          -0.582618,
          0.21711,
          1.0
        ]
      ],
      "parent_index": 6,
      "billboard_type": "Disabled"
    },
    {
      "name": "S_HairL2_null",
      "transform": [
        [
          1.0,
          0.0,
          0.0,
          0.0
        ],
        [
          0.0,
          1.0,
          0.0,
          0.0
        ],
        [
          0.0,
          0.0,
          1.0,
          0.0
        ],
        [
          1.0,
          0.0,
          0.0,
          1.0
        ]
      ],
      "parent_index": 49,
      "billboard_type": "Disabled"
    },
    {
      "name": "S_HairF1",
      "transform": [
        [
          -0.0864613,
          0.996255,
          0.0,
          0.0
        ],
        [
          -0.996255,
          -0.0864613,
          0.0,
          0.0
        ],
        [
          0.0,
          0.0,
          1.0,
          0.0
        ],
        [
          2.05758,
          0.713001,
          -0.38985,
          1.0
        ]
      ],
      "parent_index": 6,
      "billboard_type": "Disabled"
    },
    {
      "name": "S_HairF2_null",
      "transform": [
        [
          1.0,
          0.0,
          0.0,
          0.0
        ],
        [
          0.0,
          1.0,
          0.0,
          0.0
        ],
        [
          0.0,
          0.0,
          1.0,
          0.0
        ],
        [
          1.0,
          0.0,
          0.0,
          1.0
        ]
      ],
      "parent_index": 51,
      "billboard_type": "Disabled"
    },
    {
      "name": "S_MantleC1",
      "transform": [
        [
          -0.788011,
          -0.615662,
          0.0,
          0.0
        ],
        [
          0.615662,
          -0.788011,
          0.0,
          0.0
        ],
        [
          0.0,
          0.0,
          1.0,
          0.0
        ],
        [
          2.662,
          -1.14219,
          0.0,
          1.0
        ]
      ],
      "parent_index": 4,
      "billboard_type": "Disabled"
    },
    {
      "name": "S_MantleC2",
      "transform": [
        [
          0.99863,
          -0.052336,
          0.0,
          0.0
        ],
        [
          0.052336,
          0.99863,
          0.0,
          0.0
        ],
        [
          0.0,
          0.0,
          1.0,
          0.0
        ],
        [
          2.1,
          0.0,
          0.0,
          1.0
        ]
      ],
      "parent_index": 53,
      "billboard_type": "Disabled"
    },
    {
      "name": "S_MantleC3",
      "transform": [
        [
          0.996216,
          -0.0869123,
          0.0,
          0.0
        ],
        [
          0.0869123,
          0.996216,
          0.0,
          0.0
        ],
        [
          0.0,
          0.0,
          1.0,
          0.0
        ],
        [
          3.8,
          0.0,
          0.0,
          1.0
        ]
      ],
      "parent_index": 54,
      "billboard_type": "Disabled"
    },
    {
      "name": "S_MantleC4",
      "transform": [
        [
          0.998635,
          -0.0522314,
          0.0,
          0.0
        ],
        [
          0.0522314,
          0.998635,
          0.0,
          0.0
        ],
        [
          0.0,
          0.0,
          1.0,
          0.0
        ],
        [
          3.8,
          0.0,
          0.0,
          1.0
        ]
      ],
      "parent_index": 55,
      "billboard_type": "Disabled"
    },
    {
      "name": "S_MantleC5_null",
      "transform": [
        [
          1.0,
          0.0,
          0.0,
          0.0
        ],
        [
          0.0,
          1.0,
          0.0,
          0.0
        ],
        [
          0.0,
          0.0,
          1.0,
          0.0
        ],
        [
          6.1,
          0.0,
          0.0,
          1.0
        ]
      ],
      "parent_index": 56,
      "billboard_type": "Disabled"
    },
    {
      "name": "S_Belt1",
      "transform": [
        [
          -0.998131,
          -0.0549523,
          -0.0267457,
          0.0
        ],
        [
          -0.0465538,
          0.400108,
          0.915285,
          0.0
        ],
        [
          -0.0395958,
          0.914819,
          -0.401918,
          0.0
        ],
        [
          1.30301,
          1.55603,
          -1.28494,
          1.0
        ]
      ],
      "parent_index": 4,
      "billboard_type": "Disabled"
    },
    {
      "name": "S_Belt2_null",
      "transform": [
        [
          1.0,
          0.0,
          0.0,
          0.0
        ],
        [
          0.0,
          1.0,
          0.0,
          0.0
        ],
        [
          0.0,
          0.0,
          1.0,
          0.0
        ],
        [
          1.0,
          0.0,
          0.0,
          1.0
        ]
      ],
      "parent_index": 58,
      "billboard_type": "Disabled"
    },
    {
      "name": "S_MantleL1",
      "transform": [
        [
          1.0,
          0.0,
          0.0,
          0.0
        ],
        [
          0.0,
          1.0,
          0.0,
          0.0
        ],
        [
          0.0,
          0.0,
          1.0,
          0.0
        ],
        [
          0.01,
          0.0,
          0.0,
          1.0
        ]
      ],
      "parent_index": 143,
      "billboard_type": "Disabled"
    },
    {
      "name": "S_MantleL2",
      "transform": [
        [
          0.99863,
          0.0,
          -0.052336,
          0.0
        ],
        [
          0.0,
          1.0,
          0.0,
          0.0
        ],
        [
          0.052336,
          0.0,
          0.99863,
          0.0
        ],
        [
          3.66484,
          0.0,
          0.0,
          1.0
        ]
      ],
      "parent_index": 60,
      "billboard_type": "Disabled"
    },
    {
      "name": "S_MantleL3",
      "transform": [
        [
          0.99863,
          0.0,
          -0.052336,
          0.0
        ],
        [
          0.0,
          1.0,
          0.0,
          0.0
        ],
        [
          0.052336,
          0.0,
          0.99863,
          0.0
        ],
        [
          3.6,
          0.0,
          0.0,
          1.0
        ]
      ],
      "parent_index": 61,
      "billboard_type": "Disabled"
    },
    {
      "name": "S_MantleL4",
      "transform": [
        [
          0.99863,
          0.0,
          -0.052336,
          0.0
        ],
        [
          0.0,
          1.0,
          0.0,
          0.0
        ],
        [
          0.052336,
          0.0,
          0.99863,
          0.0
        ],
        [
          3.7,
          0.0,
          0.0,
          1.0
        ]
      ],
      "parent_index": 62,
      "billboard_type": "Disabled"
    },
    {
      "name": "S_MantleL5_null",
      "transform": [
        [
          1.0,
          0.0,
          0.0,
          0.0
        ],
        [
          0.0,
          1.0,
          0.0,
          0.0
        ],
        [
          0.0,
          0.0,
          1.0,
          0.0
        ],
        [
          5.8,
          0.0,
          0.0,
          1.0
        ]
      ],
      "parent_index": 63,
      "billboard_type": "Disabled"
    },
    {
      "name": "S_MantleR1",
      "transform": [
        [
          1.0,
          0.0,
          0.0,
          0.0
        ],
        [
          0.0,
          1.0,
          0.0,
          0.0
        ],
        [
          0.0,
          0.0,
          1.0,
          0.0
        ],
        [
          0.01,
          0.0,
          0.0,
          1.0
        ]
      ],
      "parent_index": 144,
      "billboard_type": "Disabled"
    },
    {
      "name": "S_MantleR2",
      "transform": [
        [
          0.99863,
          0.0,
          0.052336,
          0.0
        ],
        [
          0.0,
          1.0,
          0.0,
          0.0
        ],
        [
          -0.052336,
          0.0,
          0.99863,
          0.0
        ],
        [
          3.66484,
          0.0,
          0.0,
          1.0
        ]
      ],
      "parent_index": 65,
      "billboard_type": "Disabled"
    },
    {
      "name": "S_MantleR3",
      "transform": [
        [
          0.99863,
          0.0,
          0.052336,
          0.0
        ],
        [
          0.0,
          1.0,
          0.0,
          0.0
        ],
        [
          -0.052336,
          0.0,
          0.99863,
          0.0
        ],
        [
          3.6,
          0.0,
          0.0,
          1.0
        ]
      ],
      "parent_index": 66,
      "billboard_type": "Disabled"
    },
    {
      "name": "S_MantleR4",
      "transform": [
        [
          0.99863,
          0.0,
          0.052336,
          0.0
        ],
        [
          0.0,
          1.0,
          0.0,
          0.0
        ],
        [
          -0.052336,
          0.0,
          0.99863,
          0.0
        ],
        [
          3.7,
          0.0,
          0.0,
          1.0
        ]
      ],
      "parent_index": 67,
      "billboard_type": "Disabled"
    },
    {
      "name": "S_MantleR5_null",
      "transform": [
        [
          1.0,
          0.0,
          0.0,
          0.0
        ],
        [
          0.0,
          1.0,
          0.0,
          0.0
        ],
        [
          0.0,
          0.0,
          1.0,
          0.0
        ],
        [
          5.8,
          0.0,
          0.0,
          1.0
        ]
      ],
      "parent_index": 68,
      "billboard_type": "Disabled"
    },
    {
      "name": "S_ShirttailB1",
      "transform": [
        [
          -0.987786,
          -0.155815,
          0.0,
          0.0
        ],
        [
          0.155815,
          -0.987786,
          0.0,
          0.0
        ],
        [
          0.0,
          0.0,
          1.0,
          0.0
        ],
        [
          -0.397744,
          -1.35273,
          0.0,
          1.0
        ]
      ],
      "parent_index": 2,
      "billboard_type": "Disabled"
    },
    {
      "name": "S_ShirttailB2_null",
      "transform": [
        [
          0.0,
          0.0,
          1.0,
          0.0
        ],
        [
          -0.948172,
          0.317756,
          0.0,
          0.0
        ],
        [
          -0.317756,
          -0.948172,
          0.0,
          0.0
        ],
        [
          1.8,
          0.0,
          0.0,
          1.0
        ]
      ],
      "parent_index": 70,
      "billboard_type": "Disabled"
    },
    {
      "name": "S_HimoL1",
      "transform": [
        [
          0.963522,
          -0.0230599,
          0.266634,
          0.0
        ],
        [
          -0.266558,
          0.00637952,
          0.963798,
          0.0
        ],
        [
          -0.0239261,
          -0.999714,
          0.0,
          0.0
        ],
        [
          1.67597,
          -0.0721191,
          0.94479,
          1.0
        ]
      ],
      "parent_index": 23,
      "billboard_type": "Disabled"
    },
    {
      "name": "S_HimoL2_null",
      "transform": [
        [
          1.0,
          0.0,
          0.0,
          0.0
        ],
        [
          0.0,
          1.0,
          0.0,
          0.0
        ],
        [
          0.0,
          0.0,
          1.0,
          0.0
        ],
        [
          2.66176,
          0.0,
          0.0,
          1.0
        ]
      ],
      "parent_index": 72,
      "billboard_type": "Disabled"
    },
    {
      "name": "S_HimoL2",
      "transform": [
        [
          0.963522,
          -0.0230599,
          0.266634,
          0.0
        ],
        [
          -0.266558,
          0.00637952,
          0.963798,
          0.0
        ],
        [
          -0.0239261,
          -0.999714,
          0.0,
          0.0
        ],
        [
          1.66958,
          -0.339129,
          0.94479,
          1.0
        ]
      ],
      "parent_index": 23,
      "billboard_type": "Disabled"
    },
    {
      "name": "S_HimoL3_null",
      "transform": [
        [
          1.0,
          0.0,
          0.0,
          0.0
        ],
        [
          0.0,
          1.0,
          0.0,
          0.0
        ],
        [
          0.0,
          0.0,
          1.0,
          0.0
        ],
        [
          2.66176,
          0.0,
          0.0,
          1.0
        ]
      ],
      "parent_index": 74,
      "billboard_type": "Disabled"
    },
    {
      "name": "S_ShirttailFL1",
      "transform": [
        [
          0.969674,
          -0.143761,
          0.197647,
          0.0
        ],
        [
          -0.204763,
          -0.919387,
          0.335858,
          0.0
        ],
        [
          0.133431,
          -0.366144,
          -0.920942,
          0.0
        ],
        [
          -0.21582,
          -1.1708,
          0.0965161,
          1.0
        ]
      ],
      "parent_index": 22,
      "billboard_type": "Disabled"
    },
    {
      "name": "S_ShirttailFL2_null",
      "transform": [
        [
          1.0,
          0.0,
          0.0,
          0.0
        ],
        [
          0.0,
          0.853241,
          -0.521517,
          0.0
        ],
        [
          0.0,
          0.521517,
          0.853241,
          0.0
        ],
        [
          1.5,
          0.0,
          0.0,
          1.0
        ]
      ],
      "parent_index": 76,
      "billboard_type": "Disabled"
    },
    {
      "name": "S_HimoR1",
      "transform": [
        [
          0.963522,
          -0.0230599,
          -0.266633,
          0.0
        ],
        [
          -0.258924,
          0.17169,
          -0.950516,
          0.0
        ],
        [
          0.067697,
          0.984881,
          0.159457,
          0.0
        ],
        [
          1.67597,
          -0.0721194,
          -0.944791,
          1.0
        ]
      ],
      "parent_index": 27,
      "billboard_type": "Disabled"
    },
    {
      "name": "S_HimoR2_null",
      "transform": [
        [
          1.0,
          0.0,
          0.0,
          0.0
        ],
        [
          0.0,
          1.0,
          0.0,
          0.0
        ],
        [
          0.0,
          0.0,
          1.0,
          0.0
        ],
        [
          2.66175,
          0.0,
          0.0,
          1.0
        ]
      ],
      "parent_index": 78,
      "billboard_type": "Disabled"
    },
    {
      "name": "S_HimoR2",
      "transform": [
        [
          0.963522,
          -0.0230599,
          -0.266633,
          0.0
        ],
        [
          -0.258924,
          0.17169,
          -0.950516,
          0.0
        ],
        [
          0.067697,
          0.984881,
          0.159457,
          0.0
        ],
        [
          1.66958,
          -0.339129,
          -0.944791,
          1.0
        ]
      ],
      "parent_index": 27,
      "billboard_type": "Disabled"
    },
    {
      "name": "S_HimoR3_null",
      "transform": [
        [
          1.0,
          0.0,
          0.0,
          0.0
        ],
        [
          0.0,
          1.0,
          0.0,
          0.0
        ],
        [
          0.0,
          0.0,
          1.0,
          0.0
        ],
        [
          2.66175,
          0.0,
          0.0,
          1.0
        ]
      ],
      "parent_index": 80,
      "billboard_type": "Disabled"
    },
    {
      "name": "S_ShirttailFR1",
      "transform": [
        [
          0.969674,
          -0.143761,
          -0.197647,
          0.0
        ],
        [
          -0.204678,
          -0.919619,
          -0.335273,
          0.0
        ],
        [
          -0.133561,
          0.36556,
          -0.921156,
          0.0
        ],
        [
          -0.21582,
          -1.1708,
          -0.0965161,
          1.0
        ]
      ],
      "parent_index": 26,
      "billboard_type": "Disabled"
    },
    {
      "name": "S_ShirttailFR2_null",
      "transform": [
        [
          1.0,
          0.0,
          0.0,
          0.0
        ],
        [
          0.0,
          0.853241,
          0.521517,
          0.0
        ],
        [
          0.0,
          -0.521517,
          0.853241,
          0.0
        ],
        [
          1.5,
          0.0,
          0.0,
          1.0
        ]
      ],
      "parent_index": 82,
      "billboard_type": "Disabled"
    },
    {
      "name": "S_ShirttailR1",
      "transform": [
        [
