{
  "major_version": 1,
  "minor_version": 0,
  "bones": [
    {
      "name": "Trans",
      "transform": [
        [
          1.0,
          0.0,
          0.0,
          0.0
        ],
        [
          0.0,
          1.0,
          0.0,
          0.0
        ],
        [
          0.0,
          0.0,
          1.0,
          0.0
        ],
        [
          0.0,
          0.0,
          0.0,
          1.0
        ]
      ],
      "parent_index": null,
      "billboard_type": "Disabled"
    },
    {
      "name": "Rot",
      "transform": [
        [
          1.0,
          0.0,
          0.0,
          0.0
        ],
        [
          0.0,
          1.0,
          0.0,
          0.0
        ],
        [
          0.0,
          0.0,
          1.0,
          0.0
        ],
        [
          0.0,
          8.459,
          0.0,
          1.0
        ]
      ],
      "parent_index": 0,
      "billboard_type": "Disabled"
    },
    {
      "name": "Hip",
      "transform": [
        [
          0.0,
          0.998544,
          0.0539432,
          0.0
        ],
        [
          0.0,
          -0.0539432,
          0.998544,
          0.0
        ],
        [
          1.0,
          0.0,
          0.0,
          0.0
        ],
        [
          0.0,
          -0.486715,
          0.0109983,
          1.0
        ]
      ],
      "parent_index": 1,
      "billboard_type": "Disabled"
    },
    {
      "name": "Waist",
      "transform": [
        [
          0.991808,
          0.127738,
          0.0,
          0.0
        ],
        [
          -0.127738,
          0.991808,
          0.0,
          0.0
        ],
        [
          0.0,
          0.0,
          1.0,
          0.0
        ],
        [
          0.843166,
          0.0,
          0.0,
          1.0
        ]
      ],
      "parent_index": 2,
      "billboard_type": "Disabled"
    },
    {
      "name": "Bust",
      "transform": [
        [
          0.959134,
          -0.282953,
          0.0,
          0.0
        ],
        [
          0.282953,
          0.959134,
          0.0,
          0.0
        ],
        [
          0.0,
          0.0,
          1.0,
          0.0
        ],
        [
          1.27729,
          0.0,
          0.0,
          1.0
        ]
      ],
      "parent_index": 3,
      "billboard_type": "Disabled"
    },
    {
      "name": "Neck",
      "transform": [
        [
          0.994512,
          0.104622,
          0.0,
          0.0
        ],
        [
          -0.104622,
          0.994512,
          0.0,
          0.0
        ],
        [
          0.0,
          0.0,
          1.0,
          0.0
        ],
        [
          2.07405,
          0.0,
          0.0,
          1.0
        ]
      ],
      "parent_index": 4,
      "billboard_type": "Disabled"
    },
    {
      "name": "Head",
      "transform": [
        [
          1.0,
          0.0,
          0.0,
          0.0
        ],
        [
          0.0,
          1.0,
          0.0,
          0.0
        ],
        [
          0.0,
          0.0,
          1.0,
          0.0
        ],
        [
          0.633515,
          0.0,
          0.0,
          1.0
        ]
      ],
      "parent_index": 5,
      "billboard_type": "Disabled"
    },
    {
      "name": "EarL",
      "transform": [
        [
          0.96358,
          0.227121,
          0.141172,
          0.0
        ],
        [
          -0.224722,
          0.973867,
          -0.0329234,
          0.0
        ],
        [
          -0.14496,
          0.0,
          0.989437,
          0.0
        ],
        [
          2.43602,
          -0.0722072,
          0.774575,
          1.0
        ]
      ],
      "parent_index": 6,
      "billboard_type": "Disabled"
    },
    {
      "name": "EarR",
      "transform": [
        [
          0.96358,
          0.227121,
          -0.141172,
          0.0
        ],
        [
          -0.224722,
          0.973867,
          0.0329234,
          0.0
        ],
        [
          0.14496,
          0.0,
          0.989437,
          0.0
        ],
        [
          2.43601,
          -0.0722072,
          -0.774575,
          1.0
        ]
      ],
      "parent_index": 6,
      "billboard_type": "Disabled"
    },
    {
      "name": "ClavicleC",
      "transform": [
        [
          0.994512,
          0.10462,
          0.0,
          0.0
        ],
        [
          -0.10462,
          0.994512,
          0.0,
          0.0
        ],
        [
          0.0,
          0.0,
          1.0,
          0.0
        ],
        [
          1.43868,
          -0.125086,
          0.0,
          1.0
        ]
      ],
      "parent_index": 4,
      "billboard_type": "Disabled"
    },
    {
      "name": "ClavicleL",
      "transform": [
        [
          0.0,
          0.0,
          1.0,
          0.0
        ],
        [
          0.0,
          1.0,
          0.0,
          0.0
        ],
        [
          -1.0,
          0.0,
          0.0,
          0.0
        ],
        [
          0.0,
          0.0,
          0.215782,
          1.0
        ]
      ],
      "parent_index": 9,
      "billboard_type": "Disabled"
    },
    {
      "name": "ShoulderL",
      "transform": [
        [
          0.995071,
          -0.0958286,
          0.0255062,
          0.0
        ],
        [
          0.0958598,
          0.995395,
          0.0,
          0.0
        ],
        [
          -0.0253888,
          0.00244502,
          0.999675,
          0.0
        ],
        [
          1.0519,
          0.0,
          0.193701,
          1.0
        ]
      ],
      "parent_index": 10,
      "billboard_type": "Disabled"
    },
    {
      "name": "ArmL",
      "transform": [
        [
          0.968763,
          0.247988,
          0.000394798,
          0.0
        ],
        [
          -0.247988,
          0.968763,
          0.0,
          0.0
        ],
        [
          -0.000382466,
          -0.0000979052,
          1.0,
          0.0
        ],
        [
          2.40894,
          0.0,
          0.0,
          1.0
        ]
      ],
      "parent_index": 11,
      "billboard_type": "Disabled"
    },
    {
      "name": "HandL",
      "transform": [
        [
          0.98775,
          -0.1539,
          -0.0257787,
          0.0
        ],
        [
          0.0251039,
          -0.00632699,
          0.999665,
          0.0
        ],
        [
          -0.154012,
          -0.988066,
          -0.00238599,
          0.0
        ],
        [
          1.72813,
          0.0,
          0.0,
          1.0
        ]
      ],
      "parent_index": 12,
      "billboard_type": "Disabled"
    },
    {
      "name": "HaveL",
      "transform": [
        [
          0.0,
          -1.0,
          0.0,
          0.0
        ],
        [
          0.0,
          0.0,
          -1.0,
          0.0
        ],
        [
          1.0,
          0.0,
          0.0,
          0.0
        ],
        [
          0.813946,
          0.705513,
          0.0,
          1.0
        ]
      ],
      "parent_index": 13,
      "billboard_type": "Disabled"
    },
    {
      "name": "ClavicleR",
      "transform": [
        [
          0.0,
          0.0,
          -1.0,
          0.0
        ],
        [
          0.0,
          1.0,
          0.0,
          0.0
        ],
        [
          1.0,
          0.0,
          0.0,
          0.0
        ],
        [
          0.0,
          0.0,
          -0.215782,
          1.0
        ]
      ],
      "parent_index": 9,
      "billboard_type": "Disabled"
    },
    {
      "name": "ShoulderR",
      "transform": [
        [
          0.995071,
          -0.0958288,
          -0.0254882,
          0.0
        ],
        [
          0.0958599,
          0.995395,
          0.0,
          0.0
        ],
        [
          0.0253708,
          -0.0024433,
          0.999675,
          0.0
        ],
        [
          1.0519,
          0.0,
          -0.1937,
          1.0
        ]
      ],
      "parent_index": 15,
      "billboard_type": "Disabled"
    },
    {
      "name": "ArmR",
      "transform": [
        [
          0.968763,
          0.247988,
          -0.000422098,
          0.0
        ],
        [
          -0.247988,
          0.968763,
          0.0,
          0.0
        ],
        [
          0.000408913,
          0.000104675,
          1.0,
          0.0
        ],
        [
          2.40894,
          0.0,
          0.0,
          1.0
        ]
      ],
      "parent_index": 16,
      "billboard_type": "Disabled"
    },
    {
      "name": "HandR",
      "transform": [
        [
          0.98775,
          -0.1539,
          0.0257877,
          0.0
        ],
        [
          0.0251137,
          -0.00632251,
          -0.999665,
          0.0
        ],
        [
          0.154011,
          0.988066,
          -0.00238006,
          0.0
        ],
        [
          1.72814,
          0.0,
          0.0,
          1.0
        ]
      ],
      "parent_index": 17,
      "billboard_type": "Disabled"
    },
    {
      "name": "HaveR",
      "transform": [
        [
          0.0,
          1.0,
          0.0,
          0.0
        ],
        [
          0.0,
          0.0,
          1.0,
          0.0
        ],
        [
          1.0,
          0.0,
          0.0,
          0.0
        ],
        [
          0.81394,
          0.7055,
          0.0,
          1.0
        ]
      ],
      "parent_index": 18,
      "billboard_type": "Disabled"
    },
    {
      "name": "Tail1",
      "transform": [
        [
          -0.214326,
          -0.976762,
          0.0,
          0.0
        ],
        [
          0.976762,
          -0.214326,
          0.0,
          0.0
        ],
        [
          0.0,
          0.0,
          1.0,
          0.0
        ],
        [
          -0.638886,
          -1.7895,
          0.0,
          1.0
        ]
      ],
      "parent_index": 2,
      "billboard_type": "Disabled"
    },
    {
      "name": "Tail2",
      "transform": [
        [
          0.996813,
          0.0797716,
          0.0,
          0.0
        ],
        [
          -0.0797716,
          0.996813,
          0.0,
          0.0
        ],
        [
          0.0,
          0.0,
          1.0,
          0.0
        ],
        [
          1.92428,
          0.0,
          0.0,
          1.0
        ]
      ],
      "parent_index": 20,
      "billboard_type": "Disabled"
    },
    {
      "name": "Tail3",
      "transform": [
        [
          0.915115,
          0.403192,
          0.0,
          0.0
        ],
        [
          -0.403192,
          0.915115,
          0.0,
          0.0
        ],
        [
          0.0,
          0.0,
          1.0,
          0.0
        ],
        [
          2.34984,
          0.0,
          0.0,
          1.0
        ]
      ],
      "parent_index": 21,
      "billboard_type": "Disabled"
    },
    {
      "name": "Tail4",
      "transform": [
        [
          0.571121,
          -0.820866,
          0.0,
          0.0
        ],
        [
          0.820866,
          0.571121,
          0.0,
          0.0
        ],
        [
          0.0,
          0.0,
          1.0,
          0.0
        ],
        [
          2.69249,
          0.0,
          0.0,
          1.0
        ]
      ],
      "parent_index": 22,
      "billboard_type": "Disabled"
    },
    {
      "name": "LegC",
      "transform": [
        [
          0.998544,
          -0.0539442,
          0.0,
          0.0
        ],
        [
          0.0539442,
          0.998544,
          0.0,
          0.0
        ],
        [
          0.0,
          0.0,
          1.0,
          0.0
        ],
        [
          -0.305168,
          0.0334112,
          0.0,
          1.0
        ]
      ],
      "parent_index": 2,
      "billboard_type": "Disabled"
    },
    {
      "name": "LegL",
      "transform": [
        [
          -0.974277,
          0.102121,
          0.200888,
          0.0
        ],
        [
          -0.104246,
          -0.994552,
          0.0,
          0.0
        ],
        [
          0.199793,
          -0.0209417,
          0.979614,
          0.0
        ],
        [
          0.0,
          0.0,
          0.993805,
          1.0
        ]
      ],
      "parent_index": 24,
      "billboard_type": "Disabled"
    },
    {
      "name": "KneeL",
      "transform": [
        [
          0.671213,
          0.740447,
          -0.0348092,
          0.0
        ],
        [
          -0.740896,
          0.67162,
          0.0,
          0.0
        ],
        [
          0.0233786,
          0.02579,
          0.999394,
          0.0
        ],
        [
          3.22676,
          0.0,
          0.0,
          1.0
        ]
      ],
      "parent_index": 25,
      "billboard_type": "Disabled"
    },
    {
      "name": "FootL",
      "transform": [
        [
          0.427391,
          -0.89778,
          -0.10643,
          0.0
        ],
        [
          0.902908,
          0.429833,
          0.0,
          0.0
        ],
        [
          0.045747,
          -0.0960963,
          0.99432,
          0.0
        ],
        [
          2.09913,
          0.0,
          0.0,
          1.0
        ]
      ],
      "parent_index": 26,
      "billboard_type": "Disabled"
    },
    {
      "name": "ToeL",
      "transform": [
        [
          0.387184,
          -0.921998,
          -0.00300041,
          0.0
        ],
        [
          0.919189,
          0.386254,
          -0.0768135,
          0.0
        ],
        [
          0.0719808,
          0.026983,
          0.997041,
          0.0
        ],
        [
          2.95816,
          0.0,
          0.0,
          1.0
        ]
      ],
      "parent_index": 27,
      "billboard_type": "Disabled"
    },
    {
      "name": "LegR",
      "transform": [
        [
          -0.974277,
          0.102121,
          -0.200887,
          0.0
        ],
        [
          -0.104246,
          -0.994552,
          0.0,
          0.0
        ],
        [
          -0.199793,
          0.0209416,
          0.979614,
          0.0
        ],
        [
          0.0,
          0.0,
          -0.993805,
          1.0
        ]
      ],
      "parent_index": 24,
      "billboard_type": "Disabled"
    },
    {
      "name": "KneeR",
      "transform": [
        [
          0.671213,
          0.740447,
          0.0348107,
          0.0
        ],
        [
          -0.740896,
          0.67162,
          0.0,
          0.0
        ],
        [
          -0.0233796,
          -0.0257911,
          0.999394,
          0.0
        ],
        [
          3.22676,
          0.0,
          0.0,
          1.0
        ]
      ],
      "parent_index": 29,
      "billboard_type": "Disabled"
    },
    {
      "name": "FootR",
      "transform": [
        [
          0.427389,
          -0.897781,
          0.106429,
          0.0
        ],
        [
          0.90291,
          0.429831,
          0.0,
          0.0
        ],
        [
          -0.0457463,
          0.0960955,
          0.99432,
          0.0
        ],
        [
          2.09913,
          0.0,
          0.0,
          1.0
        ]
      ],
      "parent_index": 30,
      "billboard_type": "Disabled"
    },
    {
      "name": "ToeR",
      "transform": [
        [
          0.387185,
          -0.921997,
          0.00300156,
          0.0
        ],
        [
          0.919188,
          0.386256,
          0.0768129,
          0.0
        ],
        [
          -0.0719807,
          -0.0269818,
          0.997041,
          0.0
        ],
        [
          2.95815,
          0.0,
          0.0,
          1.0
        ]
      ],
      "parent_index": 31,
      "billboard_type": "Disabled"
    },
    {
      "name": "Throw",
      "transform": [
        [
          1.0,
          0.0,
          0.0,
          0.0
        ],
        [
          0.0,
          1.0,
          0.0,
          0.0
        ],
        [
          0.0,
          0.0,
          1.0,
          0.0
        ],
        [
          0.0,
          -8.459,
          0.0,
          1.0
        ]
      ],
      "parent_index": 1,
      "billboard_type": "Disabled"
    },
    {
      "name": "S_HairBR1",
      "transform": [
        [
          -0.827112,
          -0.542785,
          -0.145842,
          0.0
        ],
        [
          0.562037,
          -0.79878,
          -0.214627,
          0.0
        ],
        [
          0.0,
          -0.259489,
          0.965746,
          0.0
        ],
        [
          2.16662,
          -1.15316,
          -0.698746,
          1.0
        ]
      ],
      "parent_index": 6,
      "billboard_type": "Disabled"
    },
    {
      "name": "S_HairBR2_null",
      "transform": [
        [
          1.0,
          0.0,
          0.0,
          0.0
        ],
        [
          0.0,
          -0.308963,
          0.951074,
          0.0
        ],
        [
          0.0,
          -0.951074,
          -0.308963,
          0.0
        ],
        [
          3.8,
          0.0,
          0.0,
          1.0
        ]
      ],
      "parent_index": 34,
      "billboard_type": "Disabled"
    },
    {
      "name": "S_HairR1",
      "transform": [
        [
          -0.857513,
          -0.273658,
          -0.43564,
          0.0
        ],
        [
          0.514462,
          -0.456137,
          -0.726132,
          0.0
        ],
        [
          0.0,
          -0.846788,
          0.53193,
          0.0
        ],
        [
          2.16131,
          -1.03795,
          -1.09739,
          1.0
        ]
      ],
      "parent_index": 6,
      "billboard_type": "Disabled"
    },
    {
      "name": "S_HairR2_null",
      "transform": [
        [
          1.0,
          0.0,
          0.0,
          0.0
        ],
        [
          0.0,
          -0.880396,
          0.47424,
          0.0
        ],
        [
          0.0,
          -0.47424,
          -0.880396,
          0.0
        ],
        [
          3.8,
          0.0,
          0.0,
          1.0
        ]
      ],
      "parent_index": 36,
      "billboard_type": "Disabled"
    },
    {
      "name": "S_HairBL1",
      "transform": [
        [
          -0.827112,
          -0.542785,
          0.145842,
          0.0
        ],
        [
          0.562037,
          -0.79878,
          0.214627,
          0.0
        ],
        [
          0.0,
          0.259489,
          0.965746,
          0.0
        ],
        [
          2.16662,
          -1.15316,
          0.698746,
          1.0
        ]
      ],
      "parent_index": 6,
      "billboard_type": "Disabled"
    },
    {
      "name": "S_HairBL2_null",
      "transform": [
        [
          1.0,
          0.0,
          0.0,
          0.0
        ],
        [
          0.0,
          -0.308963,
          -0.951074,
          0.0
        ],
        [
          0.0,
          0.951074,
          -0.308963,
          0.0
        ],
        [
          3.8,
          0.0,
          0.0,
          1.0
        ]
      ],
      "parent_index": 38,
      "billboard_type": "Disabled"
    },
    {
      "name": "S_HairL1",
      "transform": [
        [
          -0.857513,
          -0.273658,
          0.43564,
          0.0
        ],
        [
          0.514462,
          -0.456137,
          0.726132,
          0.0
        ],
        [
          0.0,
          0.846788,
          0.53193,
          0.0
        ],
        [
          2.16131,
          -1.03795,
          1.09739,
          1.0
        ]
      ],
      "parent_index": 6,
      "billboard_type": "Disabled"
    },
    {
      "name": "S_HairL2_null",
      "transform": [
        [
          1.0,
          0.0,
          0.0,
          0.0
        ],
        [
          0.0,
          -0.880396,
          -0.47424,
          0.0
        ],
        [
          0.0,
          0.47424,
          -0.880396,
          0.0
        ],
        [
          3.8,
          0.0,
          0.0,
          1.0
        ]
      ],
      "parent_index": 40,
      "billboard_type": "Disabled"
    },
    {
      "name": "FingerL10",
      "transform": [
        [
          1.0,
          0.0,
          0.0,
          0.0
        ],
        [
          0.0,
          1.0,
          0.0,
          0.0
        ],
        [
          0.0,
          0.0,
          1.0,
          0.0
        ],
        [
          0.2,
          0.0,
          -0.202498,
          1.0
        ]
      ],
      "parent_index": 13,
      "billboard_type": "Disabled"
    },
    {
      "name": "FingerL20",
      "transform": [
        [
          1.0,
          0.0,
          0.0,
          0.0
        ],
        [
          0.0,
          1.0,
          0.0,
          0.0
        ],
        [
          0.0,
          0.0,
          1.0,
          0.0
        ],
        [
          0.0,
          0.0,
          0.2,
          1.0
        ]
      ],
      "parent_index": 42,
      "billboard_type": "Disabled"
    },
    {
      "name": "FingerL30",
      "transform": [
        [
          1.0,
          0.0,
          0.0,
          0.0
        ],
        [
          0.0,
          1.0,
          0.0,
          0.0
        ],
        [
          0.0,
          0.0,
          1.0,
          0.0
        ],
        [
          0.0,
          0.0,
          0.2,
          1.0
        ]
      ],
      "parent_index": 43,
      "billboard_type": "Disabled"
    },
    {
      "name": "FingerL31",
      "transform": [
        [
          1.0,
          0.0,
          0.0,
          0.0
        ],
        [
          0.0,
          1.0,
          0.0,
          0.0
        ],
        [
          0.0,
          0.0,
          1.0,
          0.0
        ],
        [
          0.975542,
          -0.246624,
          0.471421,
          1.0
        ]
      ],
      "parent_index": 44,
      "billboard_type": "Disabled"
    },
    {
      "name": "FingerL21",
      "transform": [
        [
          1.0,
          0.0,
          0.0,
          0.0
        ],
        [
          0.0,
          1.0,
          0.0,
          0.0
        ],
        [
          0.0,
          0.0,
          1.0,
          0.0
        ],
        [
          1.00901,
          -0.246591,
          -0.00883963,
          1.0
        ]
      ],
      "parent_index": 43,
      "billboard_type": "Disabled"
    },
    {
      "name": "FingerL11",
      "transform": [
        [
          1.0,
          0.0,
          0.0,
          0.0
        ],
        [
          0.0,
          1.0,
          0.0,
          0.0
        ],
        [
          0.0,
          0.0,
          1.0,
          0.0
        ],
        [
          0.969983,
          -0.246613,
          -0.505783,
          1.0
        ]
      ],
      "parent_index": 42,
      "billboard_type": "Disabled"
    },
    {
      "name": "FingerR10",
      "transform": [
        [
          1.0,
          0.0,
          0.0,
          0.0
        ],
        [
          0.0,
          1.0,
          0.0,
          0.0
        ],
        [
          0.0,
          0.0,
          1.0,
          0.0
        ],
        [
          0.2,
          0.0,
          0.202498,
          1.0
        ]
      ],
      "parent_index": 18,
      "billboard_type": "Disabled"
    },
    {
      "name": "FingerR20",
      "transform": [
        [
          1.0,
          0.0,
          0.0,
          0.0
        ],
        [
          0.0,
          1.0,
          0.0,
          0.0
        ],
        [
          0.0,
          0.0,
          1.0,
          0.0
        ],
        [
          0.0,
          0.0,
          -0.2,
          1.0
        ]
      ],
      "parent_index": 48,
      "billboard_type": "Disabled"
    },
    {
      "name": "FingerR30",
      "transform": [
        [
          1.0,
          0.0,
          0.0,
          0.0
        ],
        [
          0.0,
          1.0,
          0.0,
          0.0
        ],
        [
          0.0,
          0.0,
          1.0,
          0.0
        ],
        [
          0.0,
          0.0,
          -0.2,
          1.0
        ]
      ],
      "parent_index": 49,
      "billboard_type": "Disabled"
    },
    {
      "name": "FingerR31",
      "transform": [
        [
          1.0,
          0.0,
          0.0,
          0.0
        ],
        [
          0.0,
          1.0,
          0.0,
          0.0
        ],
        [
          0.0,
          0.0,
          1.0,
          0.0
        ],
        [
          0.975542,
          -0.246624,
          -0.471421,
          1.0
        ]
      ],
      "parent_index": 50,
      "billboard_type": "Disabled"
    },
    {
      "name": "FingerR21",
      "transform": [
        [
          1.0,
          0.0,
          0.0,
          0.0
        ],
        [
          0.0,
          1.0,
          0.0,
          0.0
        ],
        [
          0.0,
          0.0,
          1.0,
          0.0
        ],
        [
          1.00901,
          -0.246591,
          0.00883963,
          1.0
        ]
      ],
      "parent_index": 49,
      "billboard_type": "Disabled"
    },
    {
      "name": "FingerR11",
      "transform": [
        [
          1.0,
          0.0,
          0.0,
          0.0
        ],
        [
          0.0,
          1.0,
          0.0,
          0.0
        ],
        [
          0.0,
          0.0,
          1.0,
          0.0
        ],
        [
          0.969983,
          -0.246613,
          0.505783,
          1.0
        ]
      ],
      "parent_index": 48,
      "billboard_type": "Disabled"
    },
    {
      "name": "H_ClavicleL",
      "transform": [
        [
          0.0533783,
          -0.14045,
          0.988648,
          0.0
        ],
        [
          0.00757218,
          0.990088,
          0.140245,
          0.0
        ],
        [
          -0.998546,
          0.0,
          0.0539127,
          0.0
        ],
        [
          1.1908,
          0.0,
          0.24453,
          1.0
        ]
      ],
      "parent_index": 4,
      "billboard_type": "Disabled"
    },
    {
      "name": "H_ClavicleR",
      "transform": [
        [
          0.0534014,
          -0.140513,
          -0.988638,
          0.0
        ],
        [
          0.00757877,
          0.990079,
          -0.140309,
          0.0
        ],
        [
          0.998544,
          0.0,
          0.0539365,
          0.0
        ],
        [
          1.1908,
          0.0,
          -0.245,
          1.0
        ]
      ],
      "parent_index": 4,
      "billboard_type": "Disabled"
    },
    {
      "name": "H_WristL",
      "transform": [
        [
          1.0,
          0.0,
          0.0,
          0.0
        ],
        [
          0.0,
          -0.00438334,
          0.99999,
          0.0
        ],
        [
          0.0,
          -0.99999,
          -0.00438334,
          0.0
        ],
        [
          1.83908,
          0.0,
          0.0,
          1.0
        ]
      ],
      "parent_index": 12,
      "billboard_type": "Disabled"
    },
    {
      "name": "H_ArmtwistL",
      "transform": [
        [
          1.0,
          0.0,
          0.0,
          0.0
        ],
        [
          0.0,
          -0.00438334,
          0.99999,
          0.0
        ],
        [
          0.0,
          -0.99999,
          -0.00438334,
          0.0
        ],
        [
          0.891219,
          0.0,
          0.0,
          1.0
        ]
      ],
      "parent_index": 12,
      "billboard_type": "Disabled"
    },
    {
      "name": "H_ElbowL",
      "transform": [
        [
          0.99216,
          0.124974,
          0.000197401,
          0.0
        ],
        [
          -0.124974,
          0.99216,
          0.0000122092,
          0.0
        ],
        [
          -0.000194327,
          -0.0000367834,
          1.0,
          0.0
        ],
        [
          2.37807,
          0.0,
          0.0,
          1.0
        ]
      ],
      "parent_index": 11,
      "billboard_type": "Disabled"
    },
    {
      "name": "H_UparmtwistL",
      "transform": [
        [
          1.0,
          0.0,
          0.0,
          0.0
        ],
        [
          0.0,
          1.0,
          0.000612806,
          0.0
        ],
        [
          0.0,
          -0.000612806,
          1.0,
          0.0
        ],
        [
          1.30236,
          0.0,
          0.0,
          1.0
        ]
      ],
      "parent_index": 11,
      "billboard_type": "Disabled"
    },
    {
      "name": "H_SholderL",
      "transform": [
        [
          1.0,
          0.0,
          0.0,
          0.0
        ],
        [
          0.0,
          0.999999,
          0.00122553,
          0.0
        ],
        [
          0.0,
          -0.00122553,
          0.999999,
          0.0
        ],
        [
          0.0665218,
          0.0,
          0.0,
          1.0
        ]
      ],
      "parent_index": 11,
      "billboard_type": "Disabled"
    },
    {
      "name": "H_WristR",
      "transform": [
        [
          0.999848,
          0.0174524,
          0.0,
          0.0
        ],
        [
          0.0000802617,
          -0.00460387,
          -0.999989,
          0.0
        ],
        [
          -0.0174522,
          0.999837,
          -0.00460456,
          0.0
        ],
        [
          1.83908,
          0.0,
          0.0,
          1.0
        ]
      ],
      "parent_index": 17,
      "billboard_type": "Disabled"
    },
    {
      "name": "H_ArmtwistR",
      "transform": [
        [
          0.999848,
          0.0174524,
          0.0,
          0.0
        ],
        [
          -0.0174524,
          0.999848,
          0.0,
          0.0
        ],
        [
          0.0,
          0.0,
          1.0,
          0.0
        ],
        [
          0.891219,
          0.0,
          0.0,
          1.0
        ]
      ],
      "parent_index": 17,
      "billboard_type": "Disabled"
    },
    {
      "name": "H_ElbowR",
      "transform": [
        [
          0.99216,
          0.124974,
          -0.000211062,
          0.0
        ],
        [
          -0.124974,
          0.99216,
          -0.0000133036,
          0.0
        ],
        [
          0.000207744,
          0.0000395764,
          1.0,
          0.0
        ],
        [
          2.37807,
          0.0,
          0.0,
          1.0
        ]
      ],
      "parent_index": 16,
      "billboard_type": "Disabled"
    },
    {
      "name": "H_UparmtwistR",
      "transform": [
        [
          1.0,
          0.0,
          0.0,
          0.0
        ],
        [
          0.0,
          1.0,
          -0.000612362,
          0.0
        ],
        [
          0.0,
          0.000612362,
          1.0,
          0.0
        ],
        [
          1.30236,
          0.0,
          0.0,
          1.0
        ]
      ],
      "parent_index": 16,
      "billboard_type": "Disabled"
    },
    {
      "name": "H_SholderR",
      "transform": [
        [
          1.0,
          0.0,
          0.0,
          0.0
        ],
        [
          0.0,
          0.999999,
          -0.00122467,
          0.0
        ],
        [
          0.0,
          0.00122467,
          0.999999,
          0.0
        ],
        [
          0.0665218,
          0.0,
          0.0,
          1.0
        ]
      ],
      "parent_index": 16,
      "billboard_type": "Disabled"
    },
    {
      "name": "H_LegR",
      "transform": [
        [
          -0.991804,
          0.0779027,
          -0.101274,
          0.0
        ],
        [
          -0.0787159,
          -0.996889,
          0.00405164,
          0.0
        ],
        [
          -0.100643,
          0.0119903,
          0.99485,
          0.0
        ],
        [
          -0.559241,
          0.0,
          -0.508,
          1.0
        ]
      ],
      "parent_index": 2,
      "billboard_type": "Disabled"
    },
    {
      "name": "H_LegL",
      "transform": [
        [
          -0.991804,
          0.0779028,
          0.101274,
          0.0
        ],
        [
          -0.0787159,
          -0.996889,
          -0.00405161,
          0.0
        ],
        [
          0.100643,
          -0.0119903,
          0.99485,
          0.0
        ],
        [
          -0.559241,
          0.0,
          0.507922,
          1.0
        ]
      ],
      "parent_index": 2,
      "billboard_type": "Disabled"
    },
    {
      "name": "H_KneeL",
      "transform": [
        [
          0.914115,
          0.405007,
          -0.0190399,
          0.0
        ],
        [
          -0.405142,
          0.914246,
          -0.00368624,
          0.0
        ],
        [
          0.0159142,
          0.0110835,
          0.999812,
          0.0
        ],
        [
          3.17865,
          0.0,
          0.0,
          1.0
        ]
      ],
      "parent_index": 25,
      "billboard_type": "Disabled"
    },
    {
      "name": "H_KneeR",
      "transform": [
        [
          0.914114,
          0.405084,
          0.0174079,
          0.0
        ],
        [
          -0.405201,
          0.91422,
          0.00368515,
          0.0
        ],
        [
          -0.0144218,
          -0.0104223,
          0.999842,
          0.0
        ],
        [
          3.17865,
          0.0,
          0.0,
          1.0
        ]
      ],
      "parent_index": 29,
      "billboard_type": "Disabled"
    }
  ]
}