{
  "major_version": 1,
  "minor_version": 0,
  "bones": [
    {
      "name": "Trans",
      "transform": [
        [
          1.0,
          0.0,
          0.0,
          0.0
        ],
        [
          0.0,
          1.0,
          0.0,
          0.0
        ],
        [
          0.0,
          0.0,
          1.0,
          0.0
        ],
        [
          0.0,
          0.0,
          0.0,
          1.0
        ]
      ],
      "parent_index": null,
      "billboard_type": "Disabled"
    },
    {
      "name": "Rot",
      "transform": [
        [
          1.0,
          0.0,
          0.0,
          0.0
        ],
        [
          0.0,
          1.0,
          0.0,
          0.0
        ],
        [
          0.0,
          0.0,
          1.0,
          0.0
        ],
        [
          0.0,
          11.2407,
          0.0584726,
          1.0
        ]
      ],
      "parent_index": 0,
      "billboard_type": "Disabled"
    },
    {
      "name": "Hip",
      "transform": [
        [
          0.0,
          0.989901,
          0.141759,
          0.0
        ],
        [
          0.0,
          -0.141759,
          0.989901,
          0.0
        ],
        [
          1.0,
          0.0,
          0.0,
          0.0
        ],
        [
          0.0,
          0.0,
          0.0,
          1.0
        ]
      ],
      "parent_index": 1,
      "billboard_type": "Disabled"
    },
    {
      "name": "Waist",
      "transform": [
        [
          0.988495,
          -0.15125,
          0.0,
          0.0
        ],
        [
          0.15125,
          0.988495,
          0.0,
          0.0
        ],
        [
          0.0,
          0.0,
          1.0,
          0.0
        ],
        [
          1.39701,
          0.0,
          0.0,
          1.0
        ]
      ],
      "parent_index": 2,
      "billboard_type": "Disabled"
    },
    {
      "name": "Bust",
      "transform": [
        [
          0.98494,
          -0.172896,
          0.0,
          0.0
        ],
        [
          0.172896,
          0.98494,
          0.0,
          0.0
        ],
        [
          0.0,
          0.0,
          1.0,
          0.0
        ],
        [
          1.65588,
          0.0,
          0.0,
          1.0
        ]
      ],
      "parent_index": 3,
      "billboard_type": "Disabled"
    },
    {
      "name": "Neck",
      "transform": [
        [
          0.905724,
          0.423867,
          0.0,
          0.0
        ],
        [
          -0.423867,
          0.905724,
          0.0,
          0.0
        ],
        [
          0.0,
          0.0,
          1.0,
          0.0
        ],
        [
          2.41184,
          0.0,
          0.0,
          1.0
        ]
      ],
      "parent_index": 4,
      "billboard_type": "Disabled"
    },
    {
      "name": "Head",
      "transform": [
        [
          0.967828,
          -0.251612,
          0.0,
          0.0
        ],
        [
          0.251612,
          0.967828,
          0.0,
          0.0
        ],
        [
          0.0,
          0.0,
          1.0,
          0.0
        ],
        [
          0.881914,
          0.0,
          0.0,
          1.0
        ]
      ],
      "parent_index": 5,
      "billboard_type": "Disabled"
    },
    {
      "name": "Face",
      "transform": [
        [
          0.0,
          0.0,
          1.0,
          0.0
        ],
        [
          1.0,
          0.0,
          0.0,
          0.0
        ],
        [
          0.0,
          1.0,
          0.0,
          0.0
        ],
        [
          0.0,
          0.0,
          0.0,
          1.0
        ]
      ],
      "parent_index": 6,
      "billboard_type": "Disabled"
    },
    {
      "name": "ClavicleC",
      "transform": [
        [
          0.983236,
          0.182339,
          0.0,
          0.0
        ],
        [
          -0.182339,
          0.983236,
          0.0,
          0.0
        ],
        [
          0.0,
          0.0,
          1.0,
          0.0
        ],
        [
          1.78969,
          0.023905,
          0.0,
          1.0
        ]
      ],
      "parent_index": 4,
      "billboard_type": "Disabled"
    },
    {
      "name": "ClavicleL",
      "transform": [
        [
          0.0,
          0.0,
          1.0,
          0.0
        ],
        [
          0.0,
          1.0,
          0.0,
          0.0
        ],
        [
          -1.0,
          0.0,
          0.0,
          0.0
        ],
        [
          0.0,
          0.0,
          0.539338,
          1.0
        ]
      ],
      "parent_index": 8,
      "billboard_type": "Disabled"
    },
    {
      "name": "ShoulderL",
      "transform": [
        [
          0.999931,
          -0.0116332,
          -0.00150588,
          0.0
        ],
        [
          0.0116332,
          0.999932,
          0.0,
          0.0
        ],
        [
          0.00150578,
          -0.0000175182,
          0.999999,
          0.0
        ],
        [
          1.24557,
          -0.340257,
          0.2518,
          1.0
        ]
      ],
      "parent_index": 9,
      "billboard_type": "Disabled"
    },
    {
      "name": "ArmL",
      "transform": [
        [
          0.999695,
          0.0228738,
          -0.00930317,
          0.0
        ],
        [
          -0.0228748,
          0.999738,
          0.0,
          0.0
        ],
        [
          0.00930074,
          0.000212808,
          0.999957,
          0.0
        ],
        [
          3.25388,
          0.0,
          0.0,
          1.0
        ]
      ],
      "parent_index": 10,
      "billboard_type": "Disabled"
    },
    {
      "name": "HandL",
      "transform": [
        [
          0.999878,
          -0.0112431,
          0.0108083,
          0.0
        ],
        [
          -0.0108086,
          0.00003549,
          0.999942,
          0.0
        ],
        [
          -0.0112428,
          -0.999937,
          -0.000086036,
          0.0
        ],
        [
          3.1549,
          0.0,
          0.0,
          1.0
        ]
      ],
      "parent_index": 11,
      "billboard_type": "Disabled"
    },
    {
      "name": "HaveL",
      "transform": [
        [
          0.0,
          -1.0,
          0.0,
          0.0
        ],
        [
          0.0,
          0.0,
          -1.0,
          0.0
        ],
        [
          1.0,
          0.0,
          0.0,
          0.0
        ],
        [
          1.04301,
          0.2504,
          -0.014861,
          1.0
        ]
      ],
      "parent_index": 12,
      "billboard_type": "Disabled"
    },
    {
      "name": "ClavicleR",
      "transform": [
        [
          0.0,
          0.0,
          -1.0,
          0.0
        ],
        [
          0.0,
          1.0,
          0.0,
          0.0
        ],
        [
          1.0,
          0.0,
          0.0,
          0.0
        ],
        [
          0.0,
          0.0,
          -0.539338,
          1.0
        ]
      ],
      "parent_index": 8,
      "billboard_type": "Disabled"
    },
    {
      "name": "ShoulderR",
      "transform": [
        [
          0.999931,
          -0.0116332,
          0.00150568,
          0.0
        ],
        [
          0.0116332,
          0.999932,
          0.0,
          0.0
        ],
        [
          -0.00150557,
          0.0000175159,
          0.999999,
          0.0
        ],
        [
          1.24557,
          -0.340257,
          -0.25181,
          1.0
        ]
      ],
      "parent_index": 14,
      "billboard_type": "Disabled"
    },
    {
      "name": "ArmR",
      "transform": [
        [
          0.999695,
          0.0228739,
          0.00932212,
          0.0
        ],
        [
          -0.0228749,
          0.999738,
          0.0,
          0.0
        ],
        [
          -0.00931968,
          -0.000213243,
          0.999957,
          0.0
        ],
        [
          3.25388,
          0.0,
          0.0,
          1.0
        ]
      ],
      "parent_index": 15,
      "billboard_type": "Disabled"
    },
    {
      "name": "HandR",
      "transform": [
        [
          0.999878,
          -0.0112432,
          -0.010827,
          0.0
        ],
        [
          -0.0108273,
          0.0000354855,
          -0.999941,
          0.0
        ],
        [
          0.0112429,
          0.999937,
          -0.000086252,
          0.0
        ],
        [
          3.15491,
          0.0,
          0.0,
          1.0
        ]
      ],
      "parent_index": 16,
      "billboard_type": "Disabled"
    },
    {
      "name": "HaveR",
      "transform": [
        [
          0.0,
          1.0,
          0.0,
          0.0
        ],
        [
          0.0,
          0.0,
          1.0,
          0.0
        ],
        [
          1.0,
          0.0,
          0.0,
          0.0
        ],
        [
          1.04301,
          0.250422,
          0.0148611,
          1.0
        ]
      ],
      "parent_index": 17,
      "billboard_type": "Disabled"
    },
    {
      "name": "Sword1",
      "transform": [
        [
          0.0,
          0.0,
          -1.0,
          0.0
        ],
        [
          -1.0,
          -0.00000224685,
          0.0,
          0.0
        ],
        [
          -0.00000224685,
          1.0,
          0.0,
          0.0
        ],
        [
          0.0,
          0.0,
          0.0,
          1.0
        ]
      ],
      "parent_index": 18,
      "billboard_type": "Disabled"
    },
    {
      "name": "Sword2",
      "transform": [
        [
          1.0,
          0.0,
          0.0,
          0.0
        ],
        [
          0.0,
          1.0,
          0.0,
          0.0
        ],
        [
          0.0,
          0.0,
          1.0,
          0.0
        ],
        [
          0.0,
          -0.00671285,
          1.56404,
          1.0
        ]
      ],
      "parent_index": 19,
      "billboard_type": "Disabled"
    },
    {
      "name": "Scabbard",
      "transform": [
        [
          -0.962971,
          -0.265252,
          0.0482443,
          0.0
        ],
        [
          -0.264525,
          0.96415,
          0.0209981,
          0.0
        ],
        [
          -0.0520845,
          0.00745876,
          -0.998615,
          0.0
        ],
        [
          0.0279969,
          -0.185894,
          2.10375,
          1.0
        ]
      ],
      "parent_index": 2,
      "billboard_type": "Disabled"
    },
    {
      "name": "Hilt",
      "transform": [
        [
          -0.0120365,
          -0.999877,
          -0.0100438,
          0.0
        ],
        [
          0.00203422,
          0.0100201,
          -0.999948,
          0.0
        ],
        [
          0.999925,
          -0.0120563,
          0.00191336,
          0.0
        ],
        [
          -2.53501,
          0.0501861,
          0.0199024,
          1.0
        ]
      ],
      "parent_index": 21,
      "billboard_type": "Disabled"
    },
    {
      "name": "LegC",
      "transform": [
        [
          0.989901,
          -0.141759,
          0.0,
          0.0
        ],
        [
          0.141759,
          0.989901,
          0.0,
          0.0
        ],
        [
          0.0,
          0.0,
          1.0,
          0.0
        ],
        [
          -0.504791,
          0.175959,
          0.0,
          1.0
        ]
      ],
      "parent_index": 2,
      "billboard_type": "Disabled"
    },
    {
      "name": "LegL",
      "transform": [
        [
          -0.997031,
          -0.0768642,
          0.00458636,
          0.0
        ],
        [
          0.076865,
          -0.997042,
          0.0,
          0.0
        ],
        [
          0.00457279,
          0.000352531,
          0.99999,
          0.0
        ],
        [
          0.0,
          0.0,
          0.965339,
          1.0
        ]
      ],
      "parent_index": 23,
      "billboard_type": "Disabled"
    },
    {
      "name": "KneeL",
      "transform": [
        [
          0.999314,
          0.0342361,
          0.0141205,
          0.0
        ],
        [
          -0.0342395,
          0.999414,
          0.0,
          0.0
        ],
        [
          -0.0141122,
          -0.000483479,
          0.9999,
          0.0
        ],
        [
          4.07099,
          0.0,
          0.0,
          1.0
        ]
      ],
      "parent_index": 24,
      "billboard_type": "Disabled"
    },
    {
      "name": "FootL",
      "transform": [
        [
          0.993651,
          -0.110958,
          -0.0186055,
          0.0
        ],
        [
          0.110941,
          0.993825,
          -0.00191926,
          0.0
        ],
        [
          0.0187036,
          -0.000157035,
          0.999825,
          0.0
        ],
        [
          5.3995,
          0.0,
          0.0,
          1.0
        ]
      ],
      "parent_index": 25,
      "billboard_type": "Disabled"
    },
    {
      "name": "ToeL",
      "transform": [
        [
          0.0,
          -1.0,
          0.0,
          0.0
        ],
        [
          1.0,
          0.0,
          0.0,
          0.0
        ],
        [
          0.0,
          0.0,
          1.0,
          0.0
        ],
        [
          0.56219,
          -1.68461,
          0.105,
          1.0
        ]
      ],
      "parent_index": 26,
      "billboard_type": "Disabled"
    },
    {
      "name": "LegR",
      "transform": [
        [
          -0.997031,
          -0.0768643,
          -0.00458649,
          0.0
        ],
        [
          0.0768651,
          -0.997042,
          0.0,
          0.0
        ],
        [
          -0.00457293,
          -0.000352541,
          0.99999,
          0.0
        ],
        [
          0.0,
          0.0,
          -0.965339,
          1.0
        ]
      ],
      "parent_index": 23,
      "billboard_type": "Disabled"
    },
    {
      "name": "KneeR",
      "transform": [
        [
          0.999314,
          0.0342361,
          -0.0141204,
          0.0
        ],
        [
          -0.0342395,
          0.999414,
          0.0,
          0.0
        ],
        [
          0.0141121,
          0.000483474,
          0.9999,
          0.0
        ],
        [
          4.07099,
          0.0,
          0.0,
          1.0
        ]
      ],
      "parent_index": 28,
      "billboard_type": "Disabled"
    },
    {
      "name": "FootR",
      "transform": [
        [
          0.993651,
          -0.110958,
          0.0186055,
          0.0
        ],
        [
          0.110941,
          0.993825,
          0.00191926,
          0.0
        ],
        [
          -0.0187036,
          0.000157039,
          0.999825,
          0.0
        ],
        [
          5.3995,
          0.0,
          0.0,
          1.0
        ]
      ],
      "parent_index": 29,
      "billboard_type": "Disabled"
    },
    {
      "name": "ToeR",
      "transform": [
        [
          0.0,
          -1.0,
          0.0,
          0.0
        ],
        [
          1.0,
          0.0,
          0.0,
          0.0
        ],
        [
          0.0,
          0.0,
          1.0,
          0.0
        ],
        [
          0.56219,
          -1.68461,
          -0.105,
          1.0
        ]
      ],
      "parent_index": 30,
      "billboard_type": "Disabled"
    },
    {
      "name": "Throw",
      "transform": [
        [
          1.0,
          0.0,
          0.0,
          0.0
        ],
        [
          0.0,
          1.0,
          0.0,
          0.0
        ],
        [
          0.0,
          0.0,
          1.0,
          0.0
        ],
        [
          0.0,
          -11.2407,
          -0.0584726,
          1.0
        ]
      ],
      "parent_index": 1,
      "billboard_type": "Disabled"
    },
    {
      "name": "S_HairB1",
      "transform": [
        [
          -0.949236,
          -0.314565,
          0.0,
          0.0
        ],
        [
          0.0,
          0.0,
          1.0,
          0.0
        ],
        [
          -0.314565,
          0.949236,
          0.0,
          0.0
        ],
        [
          1.88492,
          -1.03253,
          0.0,
          1.0
        ]
      ],
      "parent_index": 6,
      "billboard_type": "Disabled"
    },
    {
      "name": "S_HairB2",
      "transform": [
        [
          1.0,
          0.0,
          0.0,
          0.0
        ],
        [
          0.0,
          1.0,
          0.0,
          0.0
        ],
        [
          0.0,
          0.0,
          1.0,
          0.0
        ],
        [
          2.15736,
          0.0,
          0.0,
          1.0
        ]
      ],
      "parent_index": 33,
      "billboard_type": "Disabled"
    },
    {
      "name": "S_HairB3_null",
      "transform": [
        [
          0.0,
          1.0,
          0.0,
          0.0
        ],
        [
          -1.0,
          0.0,
          0.0,
          0.0
        ],
        [
          0.0,
          0.0,
          1.0,
          0.0
        ],
        [
          3.68481,
          0.0,
          0.0,
          1.0
        ]
      ],
      "parent_index": 34,
      "billboard_type": "Disabled"
    },
    {
      "name": "S_HairL1",
      "transform": [
        [
          -0.735366,
          0.65606,
          0.169773,
          0.0
        ],
        [
          0.649383,
          0.610572,
          0.453325,
          0.0
        ],
        [
          0.19375,
          0.443607,
          -0.875028,
          0.0
        ],
        [
          0.133142,
          -0.5148,
          1.0139,
          1.0
        ]
      ],
      "parent_index": 6,
      "billboard_type": "Disabled"
    },
    {
      "name": "S_HairL2",
      "transform": [
        [
          0.939693,
          -0.34202,
          0.0,
          0.0
        ],
        [
          0.337652,
          0.92769,
          0.159318,
          0.0
        ],
        [
          -0.05449,
          -0.14971,
          0.987227,
          0.0
        ],
        [
          1.76437,
          0.0,
          0.0,
          1.0
        ]
      ],
      "parent_index": 36,
      "billboard_type": "Disabled"
    },
    {
      "name": "S_HairL3_null",
      "transform": [
        [
          0.0,
          0.0,
          -1.0,
          0.0
        ],
        [
          -0.947806,
          0.318847,
          0.0,
          0.0
        ],
        [
          0.318847,
          0.947806,
          0.0,
          0.0
        ],
        [
          2.38656,
          0.0,
          0.0,
          1.0
        ]
      ],
      "parent_index": 37,
      "billboard_type": "Disabled"
    },
    {
      "name": "S_HairR1",
      "transform": [
        [
          -0.73535,
          0.656076,
          -0.169776,
          0.0
        ],
        [
          0.677687,
          0.711901,
          -0.184222,
          0.0
        ],
        [
          0.0,
          -0.250523,
          -0.968111,
          0.0
        ],
        [
          0.133117,
          -0.5148,
          -1.0139,
          1.0
        ]
      ],
      "parent_index": 6,
      "billboard_type": "Disabled"
    },
    {
      "name": "S_HairR2",
      "transform": [
        [
          0.939686,
          -0.327764,
          -0.0977851,
          0.0
        ],
        [
          0.300949,
          0.92815,
          -0.219013,
          0.0
        ],
        [
          0.162544,
          0.176375,
          0.97081,
          0.0
        ],
        [
          1.76433,
          0.0,
          0.0,
          1.0
        ]
      ],
      "parent_index": 39,
      "billboard_type": "Disabled"
    },
    {
      "name": "S_HairR3_null",
      "transform": [
        [
          0.0,
          0.328989,
          -0.944334,
          0.0
        ],
        [
          0.947806,
          -0.301099,
          -0.104897,
          0.0
        ],
        [
          -0.318848,
          -0.895045,
          -0.311818,
          0.0
        ],
        [
          2.38654,
          0.0,
          0.0,
          1.0
        ]
      ],
      "parent_index": 40,
      "billboard_type": "Disabled"
    },
    {
      "name": "S_HairFL1",
      "transform": [
        [
          -0.674288,
          -0.674287,
          0.301118,
          0.0
        ],
        [
          -0.128598,
          0.508747,
          0.851257,
          0.0
        ],
        [
          -0.727185,
          0.53527,
          -0.429754,
          0.0
        ],
        [
          1.50626,
          0.831113,
          0.804995,
          1.0
        ]
      ],
      "parent_index": 6,
      "billboard_type": "Disabled"
    },
    {
      "name": "S_HairFL2_null",
      "transform": [
        [
          0.0,
          1.0,
          0.0,
          0.0
        ],
        [
          -1.0,
          0.0,
          0.0,
          0.0
        ],
        [
          0.0,
          0.0,
          1.0,
          0.0
        ],
        [
          2.0,
          0.0,
          0.0,
          1.0
        ]
      ],
      "parent_index": 42,
      "billboard_type": "Disabled"
    },
    {
      "name": "S_HairFR1",
      "transform": [
        [
          -0.674286,
          -0.674286,
          -0.301125,
          0.0
        ],
        [
          -0.128598,
          0.508753,
          -0.851254,
          0.0
        ],
        [
          0.727187,
          -0.535265,
          -0.429757,
          0.0
        ],
        [
          1.50622,
          0.831112,
          -0.804997,
          1.0
        ]
      ],
      "parent_index": 6,
      "billboard_type": "Disabled"
    },
    {
      "name": "S_HairFR2_null",
      "transform": [
        [
          0.00000594877,
          0.174144,
          0.98472,
          0.0
        ],
        [
          1.0,
          -0.000027378,
          -0.00000119938,
          0.0
        ],
        [
          0.0000267508,
          0.98472,
          -0.174144,
          0.0
        ],
        [
          1.99995,
          0.0,
          0.0,
          1.0
        ]
      ],
      "parent_index": 44,
      "billboard_type": "Disabled"
    },
    {
      "name": "S_HairF1",
      "transform": [
        [
          -0.995003,
          0.0998407,
          0.0,
          0.0
        ],
        [
          0.0998407,
          0.995003,
          0.0,
          0.0
        ],
        [
          0.0,
          0.0,
          -1.0,
          0.0
        ],
        [
          1.79924,
          1.10068,
          0.0,
          1.0
        ]
      ],
      "parent_index": 6,
      "billboard_type": "Disabled"
    },
    {
      "name": "S_HairF2_null",
      "transform": [
        [
          0.0,
          1.0,
          0.0,
          0.0
        ],
        [
          -1.0,
          0.0,
          0.0,
          0.0
        ],
        [
          0.0,
          0.0,
          1.0,
          0.0
        ],
        [
          1.55866,
          0.0,
          0.0,
          1.0
        ]
      ],
      "parent_index": 46,
      "billboard_type": "Disabled"
    },
    {
      "name": "S_MantleL1",
      "transform": [
        [
          -0.932728,
          -0.288105,
          0.216827,
          0.0
        ],
        [
          0.295399,
          -0.955373,
          0.00128815,
          0.0
        ],
        [
          0.206779,
          0.0652519,
          0.976209,
          0.0
        ],
        [
          2.45,
          -1.25,
          2.15,
          1.0
        ]
      ],
      "parent_index": 4,
      "billboard_type": "Disabled"
    },
    {
      "name": "S_MantleL2",
      "transform": [
        [
          1.0,
          0.0,
          0.0,
          0.0
        ],
        [
          0.0,
          1.0,
          0.0,
          0.0
        ],
        [
          0.0,
          0.0,
          1.0,
          0.0
        ],
        [
          1.99698,
          0.0,
          0.0,
          1.0
        ]
      ],
      "parent_index": 48,
      "billboard_type": "Disabled"
    },
    {
      "name": "S_MantleL3",
      "transform": [
        [
          1.0,
          0.0,
          0.0,
          0.0
        ],
        [
          0.0,
          1.0,
          0.0,
          0.0
        ],
        [
          0.0,
          0.0,
          1.0,
          0.0
        ],
        [
          4.07256,
          0.0,
          0.0,
          1.0
        ]
      ],
      "parent_index": 49,
      "billboard_type": "Disabled"
    },
    {
      "name": "S_MantleL4_null",
      "transform": [
        [
          0.999906,
          -0.00676215,
          0.0119009,
          0.0
        ],
        [
          0.00628929,
          0.999206,
          0.039332,
          0.0
        ],
        [
          -0.0121575,
          -0.0392535,
          0.999155,
          0.0
        ],
        [
          4.6367,
          0.0,
          0.0,
          1.0
        ]
      ],
      "parent_index": 50,
      "billboard_type": "Disabled"
    },
    {
      "name": "S_MantleC1",
      "transform": [
        [
          -0.934707,
          -0.355421,
          0.0,
          0.0
        ],
        [
          0.355421,
          -0.934707,
          0.0,
          0.0
        ],
        [
          0.0,
          0.0,
          1.0,
          0.0
        ],
        [
          2.45,
          -1.25,
          0.0,
          1.0
        ]
      ],
      "parent_index": 4,
      "billboard_type": "Disabled"
    },
    {
      "name": "S_MantleC2",
      "transform": [
        [
          1.0,
          0.0,
          0.0,
          0.0
        ],
        [
          0.0,
          1.0,
          0.0,
          0.0
        ],
        [
          0.0,
          0.0,
          1.0,
          0.0
        ],
        [
          2.19652,
          0.0,
          0.0,
          1.0
        ]
      ],
      "parent_index": 52,
      "billboard_type": "Disabled"
    },
    {
      "name": "S_MantleC3",
      "transform": [
        [
          1.0,
          0.0,
          0.0,
          0.0
        ],
        [
          0.0,
          1.0,
          0.0,
          0.0
        ],
        [
          0.0,
          0.0,
          1.0,
          0.0
        ],
        [
          4.14063,
          0.0,
          0.0,
          1.0
        ]
      ],
      "parent_index": 53,
      "billboard_type": "Disabled"
    },
    {
      "name": "S_MantleC4_null",
      "transform": [
        [
          0.999988,
          0.00493919,
          0.0,
          0.0
        ],
        [
          -0.00493914,
          0.999979,
          -0.00416206,
          0.0
        ],
        [
          -0.0000205572,
          0.00416201,
          0.999991,
          0.0
        ],
        [
          4.0,
          0.0,
          0.0,
          1.0
        ]
      ],
      "parent_index": 54,
      "billboard_type": "Disabled"
    },
    {
      "name": "S_MantleR1",
      "transform": [
        [
          -0.932728,
          -0.288105,
          -0.216827,
          0.0
        ],
        [
          0.295399,
          -0.955373,
          -0.00128815,
          0.0
        ],
        [
          -0.206779,
          -0.0652519,
          0.976209,
          0.0
        ],
        [
          2.45,
          -1.25,
          -2.15,
          1.0
        ]
      ],
      "parent_index": 4,
      "billboard_type": "Disabled"
    },
    {
      "name": "S_MantleR2",
      "transform": [
        [
          1.0,
          0.0,
          0.0,
          0.0
        ],
        [
          0.0,
          1.0,
          0.0,
          0.0
        ],
        [
          0.0,
          0.0,
          1.0,
          0.0
        ],
        [
          1.99698,
          0.0,
          0.0,
          1.0
        ]
      ],
      "parent_index": 56,
      "billboard_type": "Disabled"
    },
    {
      "name": "S_MantleR3",
      "transform": [
        [
          1.0,
          0.0,
          0.0,
          0.0
        ],
        [
          0.0,
          1.0,
          0.0,
          0.0
        ],
        [
          0.0,
          0.0,
          1.0,
          0.0
        ],
        [
          4.07256,
          0.0,
          0.0,
          1.0
        ]
      ],
      "parent_index": 57,
      "billboard_type": "Disabled"
    },
    {
      "name": "S_MantleR4_null",
      "transform": [
        [
          0.999906,
          -0.00676215,
          -0.0119009,
          0.0
        ],
        [
          0.00628929,
          0.999206,
          -0.039332,
          0.0
        ],
        [
          0.0121575,
          0.0392535,
          0.999155,
          0.0
        ],
        [
          4.6367,
          0.0,
          0.0,
          1.0
        ]
      ],
      "parent_index": 58,
      "billboard_type": "Disabled"
    },
    {
      "name": "S_ShirttailB1",
      "transform": [
        [
          -0.985807,
          -0.167885,
          0.0,
          0.0
        ],
        [
          0.167885,
          -0.985807,
          0.0,
          0.0
        ],
        [
          0.0,
          0.0,
          1.0,
          0.0
        ],
        [
          0.427428,
          -1.14297,
          0.0,
          1.0
        ]
      ],
      "parent_index": 2,
      "billboard_type": "Disabled"
    },
    {
      "name": "S_ShirttailB2_null",
      "transform": [
        [
          1.0,
          0.0,
          0.0,
          0.0
        ],
        [
          0.0,
          1.0,
          0.0,
          0.0
        ],
        [
          0.0,
          0.0,
          1.0,
          0.0
        ],
        [
          2.22381,
          0.0,
          0.0,
          1.0
        ]
      ],
      "parent_index": 60,
      "billboard_type": "Disabled"
    },
    {
      "name": "S_ShirttailBL1",
      "transform": [
        [
          -0.975825,
          -0.124732,
          0.179462,
          0.0
        ],
        [
          0.208578,
          -0.776737,
          0.594285,
          0.0
        ],
        [
          0.0652686,
          0.61735,
          0.783976,
          0.0
        ],
        [
          0.412588,
          -0.839941,
          1.10193,
          1.0
        ]
      ],
      "parent_index": 2,
      "billboard_type": "Disabled"
    },
    {
      "name": "S_ShirttailBL2_null",
      "transform": [
        [
          1.0,
          0.0,
          0.0,
          0.0
        ],
        [
          0.0,
          1.0,
          0.0,
          0.0
        ],
        [
          0.0,
          0.0,
          1.0,
          0.0
        ],
        [
          2.18234,
          0.0,
          0.0,
          1.0
        ]
      ],
      "parent_index": 62,
      "billboard_type": "Disabled"
    },
    {
      "name": "S_ShirttailBR1",
      "transform": [
        [
          -0.975825,
          -0.124733,
          -0.179461,
          0.0
        ],
        [
          0.208578,
          -0.776737,
          -0.594285,
          0.0
        ],
        [
          -0.065267,
          -0.61735,
          0.783977,
          0.0
        ],
        [
          0.412562,
          -0.839937,
          -1.10193,
          1.0
        ]
      ],
      "parent_index": 2,
      "billboard_type": "Disabled"
    },
    {
      "name": "S_ShirttailBR2_null",
      "transform": [
        [
          1.0,
          0.0,
          0.0,
          0.0
        ],
        [
          0.0,
          1.0,
          0.0,
          0.0
        ],
        [
          0.0,
          0.0,
          1.0,
          0.0
        ],
        [
          2.18231,
          0.0,
          0.0,
          1.0
        ]
      ],
      "parent_index": 64,
      "billboard_type": "Disabled"
    },
    {
      "name": "S_Belt1",
      "transform": [
        [
          -0.980295,
          0.180652,
          0.0799147,
          0.0
        ],
        [
          0.0136541,
          -0.341619,
          0.939739,
          0.0
        ],
        [
          0.197066,
          0.922313,
          0.33242,
          0.0
        ],
        [
          0.846624,
          1.56853,
          0.92796,
          1.0
        ]
      ],
      "parent_index": 2,
      "billboard_type": "Disabled"
    },
    {
      "name": "S_Belt2_null",
      "transform": [
        [
          0.0,
          1.0,
          0.0,
          0.0
        ],
        [
          -1.0,
          0.0,
          0.0,
          0.0
        ],
        [
          0.0,
          0.0,
          1.0,
          0.0
        ],
        [
          2.8326,
          0.0,
          0.0,
          1.0
        ]
      ],
      "parent_index": 66,
      "billboard_type": "Disabled"
    },
    {
      "name": "S_ShirttailFL1",
      "transform": [
        [
          0.993434,
          -0.100385,
          0.054876,
          0.0
        ],
        [
          -0.104912,
          -0.990667,
          0.0870244,
          0.0
        ],
        [
          0.0456279,
          -0.0922102,
          -0.994694,
          0.0
        ],
        [
          -0.608435,
          -1.28821,
          0.00993131,
          1.0
        ]
      ],
      "parent_index": 24,
      "billboard_type": "Disabled"
    },
    {
      "name": "S_ShirttailFL2_null",
      "transform": [
        [
          1.0,
          0.0,
          0.0,
          0.0
        ],
        [
          0.0,
          1.0,
          0.0,
          0.0
        ],
        [
          0.0,
          0.0,
          1.0,
          0.0
        ],
        [
          1.84235,
          0.0,
          0.0,
          1.0
        ]
      ],
      "parent_index": 68,
      "billboard_type": "Disabled"
    },
    {
      "name": "S_ShirttailL1",
      "transform": [
        [
          0.969117,
          0.0501865,
          0.241439,
          0.0
        ],
        [
          -0.242628,
          0.0190476,
          0.969932,
          0.0
        ],
        [
          0.0440787,
          -0.998558,
          0.030636,
          0.0
        ],
        [
          -0.885658,
          0.0706415,
          0.726368,
          1.0
        ]
      ],
      "parent_index": 24,
      "billboard_type": "Disabled"
    },
    {
      "name": "S_ShirttailL2_null",
      "transform": [
        [
          1.0,
          0.0,
          0.0,
          0.0
        ],
        [
          0.0,
          1.0,
          0.0,
          0.0
        ],
        [
          0.0,
          0.0,
          1.0,
          0.0
        ],
        [
          2.11101,
          0.0,
          0.0,
          1.0
        ]
      ],
      "parent_index": 70,
      "billboard_type": "Disabled"
    },
    {
      "name": "S_ShirttailFR1",
      "transform": [
        [
          0.993434,
          -0.100389,
          -0.0548722,
          0.0
        ],
        [
          -0.104872,
          -0.990754,
          -0.0860696,
          0.0
        ],
        [
          -0.0457245,
          0.091259,
          -0.994777,
          0.0
        ],
        [
          -0.608481,
          -1.2882,
          -0.00993233,
          1.0
        ]
      ],
      "parent_index": 28,
      "billboard_type": "Disabled"
    },
    {
      "name": "S_ShirttailFR2_null",
      "transform": [
        [
          -1.0,
          -0.00000200464,
          -0.0000049373,
          0.0
        ],
        [
          -0.00000350317,
          -0.450866,
          0.892592,
          0.0
        ],
        [
          -0.00000401539,
          0.892592,
          0.450866,
          0.0
        ],
        [
          1.8424,
          0.0,
          0.0,
          1.0
        ]
      ],
      "parent_index": 72,
      "billboard_type": "Disabled"
    },
    {
      "name": "S_ShirttailR1",
      "transform": [
        [
          0.969118,
          0.0501858,
          -0.241437,
          0.0
        ],
        [
          -0.242627,
          0.0190476,
          -0.969933,
          0.0
        ],
        [
          -0.0440781,
          0.998558,
          0.0306358,
          0.0
        ],
        [
          -0.88568,
          0.0706431,
          -0.726371,
          1.0
        ]
      ],
      "parent_index": 28,
      "billboard_type": "Disabled"
    },
    {
      "name": "S_ShirttailR2_null",
      "transform": [
        [
          1.0,
          0.0,
          0.0,
          0.0
        ],
        [
          0.0,
          1.0,
          0.0,
          0.0
        ],
        [
          0.0,
          0.0,
          1.0,
          0.0
        ],
        [
          2.11103,
          0.0,
          0.0,
          1.0
        ]
      ],
      "parent_index": 74,
      "billboard_type": "Disabled"
    },
    {
      "name": "Mouth_group",
      "transform": [
        [
          1.0,
          0.0,
          0.0,
          0.0
        ],
        [
          0.0,
          1.0,
          0.0,
          0.0
        ],
        [
          0.0,
          0.0,
          1.0,
          0.0
        ],
        [
          0.0,
          0.0,
          0.0,
          1.0
        ]
      ],
      "parent_index": 7,
      "billboard_type": "Disabled"
    },
    {
      "name": "UplipL1",
      "transform": [
        [
          1.0,
          0.0,
          0.0,
          0.0
        ],
        [
          0.0,
          1.0,
          0.0,
          0.0
        ],
        [
          0.0,
          0.0,
          1.0,
          0.0
        ],
        [
          0.0,
          0.0,
          0.0,
          1.0
        ]
      ],
      "parent_index": 140,
      "billboard_type": "Disabled"
    },
    {
      "name": "UplipR1",
      "transform": [
        [
          1.0,
          0.0,
          0.0,
          0.0
        ],
        [
          0.0,
          1.0,
          0.0,
          0.0
        ],
        [
          0.0,
          0.0,
          1.0,
          0.0
        ],
        [
          0.0,
          0.0,
          0.0,
          1.0
        ]
      ],
      "parent_index": 141,
      "billboard_type": "Disabled"
    },
    {
      "name": "UplipL2",
      "transform": [
        [
          1.0,
          0.0,
          0.0,
          0.0
        ],
        [
          0.0,
          1.0,
          0.0,
          0.0
        ],
        [
          0.0,
          0.0,
          1.0,
          0.0
        ],
        [
          0.0,
          0.0,
          0.0,
          1.0
        ]
      ],
      "parent_index": 142,
      "billboard_type": "Disabled"
    },
    {
      "name": "UplipR2",
      "transform": [
        [
          1.0,
          0.0,
          0.0,
          0.0
        ],
        [
          0.0,
          1.0,
          0.0,
          0.0
        ],
        [
          0.0,
          0.0,
          1.0,
          0.0
        ],
        [
          0.0,
          0.0,
          0.0,
          1.0
        ]
      ],
      "parent_index": 143,
      "billboard_type": "Disabled"
    },
    {
      "name": "UplipC",
      "transform": [
        [
          1.0,
          0.0,
          0.0,
          0.0
        ],
        [
          0.0,
          1.0,
          0.0,
          0.0
        ],
        [
          0.0,
          0.0,
          1.0,
          0.0
        ],
        [
          0.0,
          0.0,
          0.0,
          1.0
        ]
      ],
      "parent_index": 144,
      "billboard_type": "Disabled"
    },
    {
      "name": "Jaw",
      "transform": [
        [
          1.0,
          0.0,
          0.0,
          0.0
        ],
        [
          0.0,
          1.0,
          0.0,
          0.0
        ],
        [
          0.0,
          0.0,
          1.0,
          0.0
        ],
        [
          0.0,
          0.0,
          0.0,
          1.0
        ]
      ],
