{
  "major_version": 1,
  "minor_version": 0,
  "bones": [
    {
      "name": "Trans",
      "transform": [
        [
          1.0,
          0.0,
          0.0,
          0.0
        ],
        [
          0.0,
          1.0,
          0.0,
          0.0
        ],
        [
          0.0,
          0.0,
          1.0,
          0.0
        ],
        [
          0.0,
          0.0,
          0.0,
          1.0
        ]
      ],
      "parent_index": null,
      "billboard_type": "Disabled"
    },
    {
      "name": "Rot",
      "transform": [
        [
          1.0,
          0.0,
          0.0,
          0.0
        ],
        [
          0.0,
          1.0,
          0.0,
          0.0
        ],
        [
          0.0,
          0.0,
          1.0,
          0.0
        ],
        [
          0.0,
          6.23395,
          0.0,
          1.0
        ]
      ],
      "parent_index": 0,
      "billboard_type": "Disabled"
    },
    {
      "name": "Hip",
      "transform": [
        [
          0.0,
          0.999626,
          0.0273582,
          0.0
        ],
        [
          0.0,
          -0.0273582,
          0.999626,
          0.0
        ],
        [
          1.0,
          0.0,
          0.0,
          0.0
        ],
        [
          0.0,
          -0.742259,
          0.0,
          1.0
        ]
      ],
      "parent_index": 1,
      "billboard_type": "Disabled"
    },
    {
      "name": "Waist",
      "transform": [
        [
          0.999626,
          -0.0273582,
          0.0,
          0.0
        ],
        [
          0.0273582,
          0.999626,
          0.0,
          0.0
        ],
        [
          0.0,
          0.0,
          1.0,
          0.0
        ],
        [
          1.07848,
          0.0,
          0.0,
          1.0
        ]
      ],
      "parent_index": 2,
      "billboard_type": "Disabled"
    },
    {
      "name": "Bust",
      "transform": [
        [
          0.977839,
          -0.209359,
          0.0,
          0.0
        ],
        [
          0.209359,
          0.977839,
          0.0,
          0.0
        ],
        [
          0.0,
          0.0,
          1.0,
          0.0
        ],
        [
          1.27628,
          0.0,
          0.0,
          1.0
        ]
      ],
      "parent_index": 3,
      "billboard_type": "Disabled"
    },
    {
      "name": "Neck",
      "transform": [
        [
          0.927473,
          0.373891,
          0.0,
          0.0
        ],
        [
          -0.373891,
          0.927473,
          0.0,
          0.0
        ],
        [
          0.0,
          0.0,
          1.0,
          0.0
        ],
        [
          1.30253,
          0.0,
          0.0,
          1.0
        ]
      ],
      "parent_index": 4,
      "billboard_type": "Disabled"
    },
    {
      "name": "Head",
      "transform": [
        [
          0.985196,
          -0.17143,
          0.0,
          0.0
        ],
        [
          0.17143,
          0.985196,
          0.0,
          0.0
        ],
        [
          0.0,
          0.0,
          1.0,
          0.0
        ],
        [
          1.14048,
          0.0,
          0.0,
          1.0
        ]
      ],
      "parent_index": 5,
      "billboard_type": "Disabled"
    },
    {
      "name": "Hat",
      "transform": [
        [
          0.0,
          0.0,
          1.0,
          0.0
        ],
        [
          1.0,
          0.0,
          0.0,
          0.0
        ],
        [
          0.0,
          1.0,
          0.0,
          0.0
        ],
        [
          2.93634,
          0.41844,
          0.0,
          1.0
        ]
      ],
      "parent_index": 6,
      "billboard_type": "Disabled"
    },
    {
      "name": "Face",
      "transform": [
        [
          0.0,
          0.0,
          1.0,
          0.0
        ],
        [
          1.0,
          0.0,
          0.0,
          0.0
        ],
        [
          0.0,
          1.0,
          0.0,
          0.0
        ],
        [
          -0.235958,
          -1.16895,
          0.0,
          1.0
        ]
      ],
      "parent_index": 6,
      "billboard_type": "Disabled"
    },
    {
      "name": "ClavicleC",
      "transform": [
        [
          0.977839,
          0.20936,
          0.0,
          0.0
        ],
        [
          -0.20936,
          0.977839,
          0.0,
          0.0
        ],
        [
          0.0,
          0.0,
          1.0,
          0.0
        ],
        [
          0.908278,
          -0.0426409,
          0.0,
          1.0
        ]
      ],
      "parent_index": 4,
      "billboard_type": "Disabled"
    },
    {
      "name": "ClavicleL",
      "transform": [
        [
          0.0,
          0.0,
          1.0,
          0.0
        ],
        [
          0.0,
          1.0,
          0.0,
          0.0
        ],
        [
          -1.0,
          0.0,
          0.0,
          0.0
        ],
        [
          0.0,
          0.0,
          0.943482,
          1.0
        ]
      ],
      "parent_index": 9,
      "billboard_type": "Disabled"
    },
    {
      "name": "ShoulderL",
      "transform": [
        [
          1.0,
          0.0,
          -0.000182758,
          0.0
        ],
        [
          0.0,
          1.0,
          0.0,
          0.0
        ],
        [
          0.000182758,
          0.0,
          1.0,
          0.0
        ],
        [
          0.935,
          -0.0120142,
          0.00942151,
          1.0
        ]
      ],
      "parent_index": 10,
      "billboard_type": "Disabled"
    },
    {
      "name": "ArmL",
      "transform": [
        [
          0.999848,
          0.0174497,
          0.000487297,
          0.0
        ],
        [
          -0.0174498,
          0.999848,
          0.0,
          0.0
        ],
        [
          -0.000487223,
          -0.00000850321,
          1.0,
          0.0
        ],
        [
          1.75283,
          0.0,
          0.0,
          1.0
        ]
      ],
      "parent_index": 11,
      "billboard_type": "Disabled"
    },
    {
      "name": "HandL",
      "transform": [
        [
          0.999848,
          -0.0174497,
          -0.000304465,
          0.0
        ],
        [
          0.000304586,
          0.00000429965,
          1.0,
          0.0
        ],
        [
          -0.0174497,
          -0.999848,
          0.00000961395,
          0.0
        ],
        [
          1.72377,
          0.0,
          0.0,
          1.0
        ]
      ],
      "parent_index": 12,
      "billboard_type": "Disabled"
    },
    {
      "name": "HaveL",
      "transform": [
        [
          0.0,
          -1.0,
          0.0,
          0.0
        ],
        [
          0.0,
          0.0,
          -1.0,
          0.0
        ],
        [
          1.0,
          0.0,
          0.0,
          0.0
        ],
        [
          1.48259,
          0.159133,
          -0.0248805,
          1.0
        ]
      ],
      "parent_index": 13,
      "billboard_type": "Disabled"
    },
    {
      "name": "ClavicleR",
      "transform": [
        [
          0.0,
          0.0,
          -1.0,
          0.0
        ],
        [
          0.0,
          1.0,
          0.0,
          0.0
        ],
        [
          1.0,
          0.0,
          0.0,
          0.0
        ],
        [
          0.0,
          0.0,
          -0.943482,
          1.0
        ]
      ],
      "parent_index": 9,
      "billboard_type": "Disabled"
    },
    {
      "name": "ShoulderR",
      "transform": [
        [
          1.0,
          0.0,
          0.000182562,
          0.0
        ],
        [
          0.0,
          1.0,
          0.0,
          0.0
        ],
        [
          -0.000182562,
          0.0,
          1.0,
          0.0
        ],
        [
          0.934998,
          -0.012014,
          -0.00942001,
          1.0
        ]
      ],
      "parent_index": 15,
      "billboard_type": "Disabled"
    },
    {
      "name": "ArmR",
      "transform": [
        [
          0.999848,
          0.0174499,
          -0.000487103,
          0.0
        ],
        [
          -0.0174499,
          0.999848,
          0.0,
          0.0
        ],
        [
          0.000487029,
          0.00000849988,
          1.0,
          0.0
        ],
        [
          1.75283,
          0.0,
          0.0,
          1.0
        ]
      ],
      "parent_index": 16,
      "billboard_type": "Disabled"
    },
    {
      "name": "HandR",
      "transform": [
        [
          0.999848,
          -0.0174499,
          0.000304467,
          0.0
        ],
        [
          0.000304588,
          0.00000429625,
          -1.0,
          0.0
        ],
        [
          0.0174499,
          0.999848,
          0.00000961063,
          0.0
        ],
        [
          1.72376,
          0.0,
          0.0,
          1.0
        ]
      ],
      "parent_index": 17,
      "billboard_type": "Disabled"
    },
    {
      "name": "HaveR",
      "transform": [
        [
          0.0,
          1.0,
          0.0,
          0.0
        ],
        [
          0.0,
          0.0,
          1.0,
          0.0
        ],
        [
          1.0,
          0.0,
          0.0,
          0.0
        ],
        [
          1.4826,
          0.15913,
          0.02488,
          1.0
        ]
      ],
      "parent_index": 18,
      "billboard_type": "Disabled"
    },
    {
      "name": "LegC",
      "transform": [
        [
          0.999626,
          -0.0273587,
          0.0,
          0.0
        ],
        [
          0.0273587,
          0.999626,
          0.0,
          0.0
        ],
        [
          0.0,
          0.0,
          1.0,
          0.0
        ],
        [
          0.00582161,
          0.0311837,
          0.0,
          1.0
        ]
      ],
      "parent_index": 2,
      "billboard_type": "Disabled"
    },
    {
      "name": "LegL",
      "transform": [
        [
          -0.999786,
          -0.0193151,
          0.00739636,
          0.0
        ],
        [
          0.0193156,
          -0.999813,
          0.0,
          0.0
        ],
        [
          0.00739498,
          0.000142865,
          0.999973,
          0.0
        ],
        [
          0.0,
          0.0,
          1.23066,
          1.0
        ]
      ],
      "parent_index": 20,
      "billboard_type": "Disabled"
    },
    {
      "name": "KneeL",
      "transform": [
        [
          0.999896,
          0.0134633,
          0.00515455,
          0.0
        ],
        [
          -0.0134635,
          0.999909,
          0.0,
          0.0
        ],
        [
          -0.00515408,
          -0.0000693982,
          0.999987,
          0.0
        ],
        [
          2.09966,
          0.0,
          0.0,
          1.0
        ]
      ],
      "parent_index": 21,
      "billboard_type": "Disabled"
    },
    {
      "name": "FootL",
      "transform": [
        [
          0.999384,
          -0.032774,
          -0.0125465,
          0.0
        ],
        [
          0.0327727,
          0.999463,
          -0.000311868,
          0.0
        ],
        [
          0.01255,
          -0.0000995069,
          0.999921,
          0.0
        ],
        [
          1.84113,
          0.0,
          0.0,
          1.0
        ]
      ],
      "parent_index": 22,
      "billboard_type": "Disabled"
    },
    {
      "name": "ToeL",
      "transform": [
        [
          0.0,
          -1.0,
          0.0,
          0.0
        ],
        [
          1.0,
          0.0,
          0.0,
          0.0
        ],
        [
          0.0,
          0.0,
          1.0,
          0.0
        ],
        [
          0.741169,
          -1.36699,
          0.0102675,
          1.0
        ]
      ],
      "parent_index": 23,
      "billboard_type": "Disabled"
    },
    {
      "name": "LegR",
      "transform": [
        [
          -0.999786,
          -0.0193151,
          -0.0073964,
          0.0
        ],
        [
          0.0193156,
          -0.999813,
          0.0,
          0.0
        ],
        [
          -0.00739502,
          -0.000142866,
          0.999973,
          0.0
        ],
        [
          0.0,
          0.0,
          -1.23066,
          1.0
        ]
      ],
      "parent_index": 20,
      "billboard_type": "Disabled"
    },
    {
      "name": "KneeR",
      "transform": [
        [
          0.999896,
          0.0134635,
          -0.00515662,
          0.0
        ],
        [
          -0.0134637,
          0.999909,
          0.0,
          0.0
        ],
        [
          0.00515615,
          0.0000694272,
          0.999987,
          0.0
        ],
        [
          2.09967,
          0.0,
          0.0,
          1.0
        ]
      ],
      "parent_index": 25,
      "billboard_type": "Disabled"
    },
    {
      "name": "FootR",
      "transform": [
        [
          0.999384,
          -0.0327742,
          0.0125486,
          0.0
        ],
        [
          0.0327728,
          0.999463,
          0.000311937,
          0.0
        ],
        [
          -0.0125521,
          0.0000995093,
          0.999921,
          0.0
        ],
        [
          1.84112,
          0.0,
          0.0,
          1.0
        ]
      ],
      "parent_index": 26,
      "billboard_type": "Disabled"
    },
    {
      "name": "ToeR",
      "transform": [
        [
          0.0,
          -1.0,
          0.0,
          0.0
        ],
        [
          1.0,
          0.0,
          0.0,
          0.0
        ],
        [
          0.0,
          0.0,
          1.0,
          0.0
        ],
        [
          0.741174,
          -1.36699,
          -0.0102699,
          1.0
        ]
      ],
      "parent_index": 27,
      "billboard_type": "Disabled"
    },
    {
      "name": "Throw",
      "transform": [
        [
          1.0,
          0.0,
          0.0,
          0.0
        ],
        [
          0.0,
          1.0,
          0.0,
          0.0
        ],
        [
          0.0,
          0.0,
          1.0,
          0.0
        ],
        [
          0.0,
          -6.23395,
          0.0,
          1.0
        ]
      ],
      "parent_index": 1,
      "billboard_type": "Disabled"
    },
    {
      "name": "S_Stethoscope1",
      "transform": [
        [
          -0.541007,
          0.841018,
          0.0,
          0.0
        ],
        [
          0.841018,
          0.541007,
          0.0,
          0.0
        ],
        [
          0.0,
          0.0,
          -1.0,
          0.0
        ],
        [
          1.81009,
          0.548984,
          0.0,
          1.0
        ]
      ],
      "parent_index": 4,
      "billboard_type": "Disabled"
    },
    {
      "name": "S_Stethoscope2",
      "transform": [
        [
          0.891807,
          -0.452416,
          0.0,
          0.0
        ],
        [
          0.452416,
          0.891807,
          0.0,
          0.0
        ],
        [
          0.0,
          0.0,
          1.0,
          0.0
        ],
        [
          1.624,
          0.0,
          0.0,
          1.0
        ]
      ],
      "parent_index": 30,
      "billboard_type": "Disabled"
    },
    {
      "name": "S_Stethoscope3",
      "transform": [
        [
          0.945561,
          -0.325446,
          0.0,
          0.0
        ],
        [
          0.325446,
          0.945561,
          0.0,
          0.0
        ],
        [
          0.0,
          0.0,
          1.0,
          0.0
        ],
        [
          1.31284,
          0.0,
          0.0,
          1.0
        ]
      ],
      "parent_index": 31,
      "billboard_type": "Disabled"
    },
    {
      "name": "S_Stethoscope4",
      "transform": [
        [
          0.99998,
          0.00636558,
          0.0,
          0.0
        ],
        [
          -0.00636558,
          0.99998,
          0.0,
          0.0
        ],
        [
          0.0,
          0.0,
          1.0,
          0.0
        ],
        [
          1.56656,
          0.0,
          0.0,
          1.0
        ]
      ],
      "parent_index": 32,
      "billboard_type": "Disabled"
    },
    {
      "name": "S_Stethoscope5_null",
      "transform": [
        [
          0.0,
          0.0,
          -1.0,
          0.0
        ],
        [
          0.00636558,
          0.99998,
          0.0,
          0.0
        ],
        [
          0.99998,
          -0.00636558,
          0.0,
          0.0
        ],
        [
          0.920814,
          0.0,
          0.0,
          1.0
        ]
      ],
      "parent_index": 33,
      "billboard_type": "Disabled"
    },
    {
      "name": "S_CoatFLa1",
      "transform": [
        [
          -0.175876,
          0.984022,
          0.0277311,
          0.0
        ],
        [
          0.984412,
          0.175784,
          0.00574117,
          0.0
        ],
        [
          0.000774761,
          0.0283086,
          -0.999599,
          0.0
        ],
        [
          2.18351,
          -10.885,
          0.688988,
          1.0
        ]
      ],
      "parent_index": 2,
      "billboard_type": "Disabled"
    },
    {
      "name": "S_CoatFLa2",
      "transform": [
        [
          0.220986,
          -0.975256,
          -0.00633532,
          0.0
        ],
        [
          0.975179,
          0.221051,
          -0.0127111,
          0.0
        ],
        [
          0.013797,
          -0.00336909,
          0.999899,
          0.0
        ],
        [
          13.3559,
          0.0,
          0.0,
          1.0
        ]
      ],
      "parent_index": 35,
      "billboard_type": "Disabled"
    },
    {
      "name": "S_CoatFLa3",
      "transform": [
        [
          1.0,
          0.0,
          0.0,
          0.0
        ],
        [
          0.0,
          1.0,
          0.0,
          0.0
        ],
        [
          0.0,
          0.0,
          1.0,
          0.0
        ],
        [
          1.05,
          0.0,
          0.0,
          1.0
        ]
      ],
      "parent_index": 36,
      "billboard_type": "Disabled"
    },
    {
      "name": "S_CoatFLa4_null",
      "transform": [
        [
          0.999805,
          -0.0197278,
          0.0,
          0.0
        ],
        [
          0.0197208,
          0.999452,
          0.0265716,
          0.0
        ],
        [
          -0.000524197,
          -0.0265664,
          0.999647,
          0.0
        ],
        [
          1.05,
          0.0,
          0.0,
          1.0
        ]
      ],
      "parent_index": 37,
      "billboard_type": "Disabled"
    },
    {
      "name": "S_CoatFLb1",
      "transform": [
        [
          -0.183483,
          0.808716,
          0.558849,
          0.0
        ],
        [
          0.982899,
          0.141895,
          0.117372,
          0.0
        ],
        [
          0.0156227,
          0.570828,
          -0.820921,
          0.0
        ],
        [
          2.26447,
          -9.33292,
          -5.42514,
          1.0
        ]
      ],
      "parent_index": 2,
      "billboard_type": "Disabled"
    },
    {
      "name": "S_CoatFLb2",
      "transform": [
        [
          0.231492,
          -0.968929,
          -0.0871112,
          0.0
        ],
        [
          0.95582,
          0.243204,
          -0.165104,
          0.0
        ],
        [
          0.18116,
          -0.0450424,
          0.982422,
          0.0
        ],
        [
          13.5381,
          0.0618837,
          -0.0349855,
          1.0
        ]
      ],
      "parent_index": 39,
      "billboard_type": "Disabled"
    },
    {
      "name": "S_CoatFLb3",
      "transform": [
        [
          1.0,
          0.0,
          0.0,
          0.0
        ],
        [
          0.0,
          1.0,
          0.0,
          0.0
        ],
        [
          0.0,
          0.0,
          1.0,
          0.0
        ],
        [
          1.05,
          0.0,
          0.0,
          1.0
        ]
      ],
      "parent_index": 40,
      "billboard_type": "Disabled"
    },
    {
      "name": "S_CoatFLb4_null",
      "transform": [
        [
          0.999231,
          0.0277897,
          -0.0276728,
          0.0
        ],
        [
          -0.0277457,
          0.999613,
          0.00197304,
          0.0
        ],
        [
          0.0277169,
          -0.00120372,
          0.999615,
          0.0
        ],
        [
          1.05,
          0.0,
          0.0,
          1.0
        ]
      ],
      "parent_index": 41,
      "billboard_type": "Disabled"
    },
    {
      "name": "S_CoatL1",
      "transform": [
        [
          -0.170792,
          0.00789532,
          0.985275,
          0.0
        ],
        [
          0.984927,
          -0.0263971,
          0.170944,
          0.0
        ],
        [
          0.027358,
          0.99962,
          -0.0032679,
          0.0
        ],
        [
          2.5635,
          -0.0701591,
          -12.3562,
          1.0
        ]
      ],
      "parent_index": 2,
      "billboard_type": "Disabled"
    },
    {
      "name": "S_CoatL2",
      "transform": [
        [
          0.256015,
          -0.966281,
          -0.0275387,
          0.0
        ],
        [
          0.966525,
          0.255374,
          0.0247635,
          0.0
        ],
        [
          -0.0168958,
          -0.0329567,
          0.999314,
          0.0
        ],
        [
          15.4647,
          0.0573045,
          -0.00109548,
          1.0
        ]
      ],
      "parent_index": 43,
      "billboard_type": "Disabled"
    },
    {
      "name": "S_CoatL3",
      "transform": [
        [
          1.0,
          0.0,
          0.0,
          0.0
        ],
        [
          0.0,
          1.0,
          0.0,
          0.0
        ],
        [
          0.0,
          0.0,
          1.0,
          0.0
        ],
        [
          1.05,
          0.0,
          0.0,
          1.0
        ]
      ],
      "parent_index": 44,
      "billboard_type": "Disabled"
    },
    {
      "name": "S_CoatL4_null",
      "transform": [
        [
          0.999978,
          0.00167198,
          -0.00641413,
          0.0
        ],
        [
          -0.00182508,
          0.999712,
          -0.0239378,
          0.0
        ],
        [
          0.00637225,
          0.023949,
          0.999693,
          0.0
        ],
        [
          1.05,
          0.0,
          0.0,
          1.0
        ]
      ],
      "parent_index": 45,
      "billboard_type": "Disabled"
    },
    {
      "name": "S_CoatFRa1",
      "transform": [
        [
          -0.175876,
          0.984022,
          -0.0277302,
          0.0
        ],
        [
          0.984412,
          0.175784,
          -0.00574098,
          0.0
        ],
        [
          -0.000774736,
          -0.0283076,
          -0.999599,
          0.0
        ],
        [
          2.18351,
          -10.885,
          -0.689,
          1.0
        ]
      ],
      "parent_index": 2,
      "billboard_type": "Disabled"
    },
    {
      "name": "S_CoatFRa2",
      "transform": [
        [
          0.220986,
          -0.975256,
          0.00633534,
          0.0
        ],
        [
          0.975179,
          0.221051,
          0.0127121,
          0.0
        ],
        [
          -0.0137979,
          0.0033689,
          0.999899,
          0.0
        ],
        [
          13.3559,
          0.0,
          0.0,
          1.0
        ]
      ],
      "parent_index": 47,
      "billboard_type": "Disabled"
    },
    {
      "name": "S_CoatFRa3",
      "transform": [
        [
          1.0,
          0.0,
          0.0,
          0.0
        ],
        [
          0.0,
          1.0,
          0.0,
          0.0
        ],
        [
          0.0,
          0.0,
          1.0,
          0.0
        ],
        [
          1.05,
          0.0,
          0.0,
          1.0
        ]
      ],
      "parent_index": 48,
      "billboard_type": "Disabled"
    },
    {
      "name": "S_CoatFRa4_null",
      "transform": [
        [
          0.999805,
          -0.0197278,
          0.0,
          0.0
        ],
        [
          0.0197062,
          0.998715,
          -0.046693,
          0.0
        ],
        [
          0.000921148,
          0.0466839,
          0.998909,
          0.0
        ],
        [
          1.05,
          0.0,
          0.0,
          1.0
        ]
      ],
      "parent_index": 49,
      "billboard_type": "Disabled"
    },
    {
      "name": "S_CoatFRb1",
      "transform": [
        [
          -0.183487,
          0.808712,
          -0.558854,
          0.0
        ],
        [
          0.982898,
          0.141896,
          -0.117374,
          0.0
        ],
        [
          -0.0156228,
          -0.570833,
          -0.820918,
          0.0
        ],
        [
          2.26447,
          -9.33292,
          5.425,
          1.0
        ]
      ],
      "parent_index": 2,
      "billboard_type": "Disabled"
    },
    {
      "name": "S_CoatFRb2",
      "transform": [
        [
          0.231496,
          -0.968928,
          0.087111,
          0.0
        ],
        [
          0.955821,
          0.243207,
          0.165098,
          0.0
        ],
        [
          -0.181154,
          0.045043,
          0.982423,
          0.0
        ],
        [
          13.5379,
          0.0621725,
          0.0353242,
          1.0
        ]
      ],
      "parent_index": 51,
      "billboard_type": "Disabled"
    },
    {
      "name": "S_CoatFRb3",
      "transform": [
        [
          1.0,
          0.0,
          0.0,
          0.0
        ],
        [
          0.0,
          1.0,
          0.0,
          0.0
        ],
        [
          0.0,
          0.0,
          1.0,
          0.0
        ],
        [
          1.05,
          0.0,
          0.0,
          1.0
        ]
      ],
      "parent_index": 52,
      "billboard_type": "Disabled"
    },
    {
      "name": "S_CoatFRb4_null",
      "transform": [
        [
          0.999364,
          -0.00353315,
          0.0354863,
          0.0
        ],
        [
          0.00318098,
          0.999945,
          0.0099757,
          0.0
        ],
        [
          -0.0355196,
          -0.00985647,
          0.99932,
          0.0
        ],
        [
          1.05,
          0.0,
          0.0,
          1.0
        ]
      ],
      "parent_index": 53,
      "billboard_type": "Disabled"
    },
    {
      "name": "S_CoatR1",
      "transform": [
        [
          -0.170795,
          0.00789545,
          -0.985275,
          0.0
        ],
        [
          0.984927,
          -0.026397,
          -0.170946,
          0.0
        ],
        [
          -0.027358,
          -0.99962,
          -0.00326795,
          0.0
        ],
        [
          2.5635,
          -0.0701591,
          12.356,
          1.0
        ]
      ],
      "parent_index": 2,
      "billboard_type": "Disabled"
    },
    {
      "name": "S_CoatR2",
      "transform": [
        [
          0.256018,
          -0.96628,
          0.0275388,
          0.0
        ],
        [
          0.966524,
          0.255377,
          -0.0247634,
          0.0
        ],
        [
          0.0168956,
          0.0329567,
          0.999314,
          0.0
        ],
        [
          15.4649,
          0.0573896,
          0.00109711,
          1.0
        ]
      ],
      "parent_index": 55,
      "billboard_type": "Disabled"
    },
    {
      "name": "S_CoatR3",
      "transform": [
        [
          1.0,
          0.0,
          0.0,
          0.0
        ],
        [
          0.0,
          1.0,
          0.0,
          0.0
        ],
        [
          0.0,
          0.0,
          1.0,
          0.0
        ],
        [
          1.05,
          0.0,
          0.0,
          1.0
        ]
      ],
      "parent_index": 56,
      "billboard_type": "Disabled"
    },
    {
      "name": "S_CoatR4_null",
      "transform": [
        [
          0.999106,
          0.041639,
          0.00736603,
          0.0
        ],
        [
          -0.0419897,
          0.997516,
          0.0565646,
          0.0
        ],
        [
          -0.00499244,
          -0.0568233,
          0.998372,
          0.0
        ],
        [
          1.05,
          0.0,
          0.0,
          1.0
        ]
      ],
      "parent_index": 57,
      "billboard_type": "Disabled"
    },
    {
      "name": "S_CoatBLa1",
      "transform": [
        [
          -0.984808,
          -0.173648,
          0.0,
          0.0
        ],
        [
          0.173648,
          -0.984808,
          0.0,
          0.0
        ],
        [
          0.0,
          0.0,
          1.0,
          0.0
        ],
        [
          0.461576,
          -2.12077,
          0.155189,
          1.0
        ]
      ],
      "parent_index": 2,
      "billboard_type": "Disabled"
    },
    {
      "name": "S_CoatBLa2",
      "transform": [
        [
          1.0,
          0.0,
          0.0,
          0.0
        ],
        [
          0.0,
          1.0,
          0.0,
          0.0
        ],
        [
          0.0,
          0.0,
          1.0,
          0.0
        ],
        [
          1.22143,
          0.0,
          0.0,
          1.0
        ]
      ],
      "parent_index": 59,
      "billboard_type": "Disabled"
    },
    {
      "name": "S_CoatBLa3_null",
      "transform": [
        [
          0.00265178,
          0.00877933,
          0.999958,
          0.0
        ],
        [
          -0.957285,
          0.289146,
          0.0,
          0.0
        ],
        [
          -0.289134,
          -0.957245,
          0.00917107,
          0.0
        ],
        [
          1.35538,
          0.0,
          0.0,
          1.0
        ]
      ],
      "parent_index": 60,
      "billboard_type": "Disabled"
    },
    {
      "name": "S_CoatBLb1",
      "transform": [
        [
          -0.98106,
          -0.172987,
          0.0871557,
          0.0
        ],
        [
          0.190714,
          -0.783893,
          0.590881,
          0.0
        ],
        [
          -0.0338942,
          0.596312,
          0.802037,
          0.0
        ],
        [
          0.475,
          -1.59532,
          2.02,
          1.0
        ]
      ],
      "parent_index": 2,
      "billboard_type": "Disabled"
    },
    {
      "name": "S_CoatBLb2",
      "transform": [
        [
          1.0,
          0.0,
          0.0,
          0.0
        ],
        [
          0.0,
          1.0,
          0.0,
          0.0
        ],
        [
          0.0,
          0.0,
          1.0,
          0.0
        ],
        [
          1.24525,
          0.0,
          0.0,
          1.0
        ]
      ],
      "parent_index": 62,
      "billboard_type": "Disabled"
    },
    {
      "name": "S_CoatBLb3_null",
      "transform": [
        [
          0.156702,
          0.619724,
          0.769016,
          0.0
        ],
        [
          -0.969487,
          0.245142,
          0.0,
          0.0
        ],
        [
          -0.188518,
          -0.745552,
          0.639229,
          0.0
        ],
        [
          1.33832,
          0.0,
          0.0,
          1.0
        ]
      ],
      "parent_index": 63,
      "billboard_type": "Disabled"
    },
    {
      "name": "S_CoatBRa1",
      "transform": [
        [
          -0.984808,
          -0.173648,
          0.0,
          0.0
        ],
        [
          0.173648,
          -0.984808,
          0.0,
          0.0
        ],
        [
          0.0,
          0.0,
          1.0,
          0.0
        ],
        [
          0.461576,
          -2.12077,
          -0.155189,
          1.0
        ]
      ],
      "parent_index": 2,
      "billboard_type": "Disabled"
    },
    {
      "name": "S_CoatBRa2",
      "transform": [
        [
          1.0,
          0.0,
          0.0,
          0.0
        ],
        [
          0.0,
          1.0,
          0.0,
          0.0
        ],
        [
          0.0,
          0.0,
          1.0,
          0.0
        ],
        [
          1.22143,
          0.0,
          0.0,
          1.0
        ]
      ],
      "parent_index": 65,
      "billboard_type": "Disabled"
    },
    {
      "name": "S_CoatBRa3_null",
      "transform": [
        [
          0.00265178,
          0.00877933,
          -0.999958,
          0.0
        ],
        [
          -0.957285,
          0.289146,
          0.0,
          0.0
        ],
        [
          0.289134,
          0.957245,
          0.00917107,
          0.0
        ],
        [
          1.35538,
          0.0,
          0.0,
          1.0
        ]
      ],
      "parent_index": 66,
      "billboard_type": "Disabled"
    },
    {
      "name": "S_CoatBRb1",
      "transform": [
        [
          -0.98106,
          -0.172987,
          -0.0871557,
          0.0
        ],
        [
          0.190714,
          -0.783893,
          -0.590881,
          0.0
        ],
        [
          0.0338942,
          -0.596312,
          0.802037,
          0.0
        ],
        [
          0.475,
          -1.595,
          -2.02,
          1.0
        ]
      ],
      "parent_index": 2,
      "billboard_type": "Disabled"
    },
    {
      "name": "S_CoatBRb2",
      "transform": [
        [
          1.0,
          0.0,
          0.0,
          0.0
        ],
        [
          0.0,
          1.0,
          0.0,
          0.0
        ],
        [
          0.0,
          0.0,
          1.0,
          0.0
        ],
        [
          1.24525,
          0.0,
          0.0,
          1.0
        ]
      ],
      "parent_index": 68,
      "billboard_type": "Disabled"
    },
    {
      "name": "S_CoatBRb3_null",
      "transform": [
        [
          0.156702,
          0.619724,
          0.769016,
          0.0
        ],
        [
          -0.969487,
          0.245142,
          0.0,
          0.0
        ],
        [
          -0.188518,
          -0.745552,
          0.639229,
          0.0
        ],
        [
          1.33832,
          0.0,
          0.0,
          1.0
        ]
      ],
      "parent_index": 69,
      "billboard_type": "Disabled"
    },
    {
      "name": "Mouth_group",
      "transform": [
        [
          1.0,
          0.0,
          0.0,
          0.0
        ],
        [
          0.0,
          1.0,
          0.00000658001,
          0.0
        ],
        [
          0.0,
          -0.00000658001,
          1.0,
          0.0
        ],
        [
          0.0,
          0.0,
          0.0,
          1.0
        ]
      ],
      "parent_index": 8,
      "billboard_type": "Disabled"
    },
    {
      "name": "UplipL1",
      "transform": [
        [
          1.0,
          0.0,
          0.0,
          0.0
        ],
        [
          0.0,
          1.0,
          0.0,
          0.0
        ],
        [
          0.0,
          0.0,
          1.0,
          0.0
        ],
        [
          0.0,
          0.0,
          0.0,
          1.0
        ]
      ],
      "parent_index": 121,
      "billboard_type": "Disabled"
    },
    {
      "name": "UplipR1",
      "transform": [
        [
          1.0,
          0.0,
          0.0,
          0.0
        ],
        [
          0.0,
          1.0,
          0.0,
          0.0
        ],
        [
          0.0,
          0.0,
          1.0,
          0.0
        ],
        [
          0.0,
          0.0,
          0.0,
          1.0
        ]
      ],
      "parent_index": 122,
      "billboard_type": "Disabled"
    },
    {
      "name": "UplipL2",
      "transform": [
        [
          1.0,
          0.0,
          0.0,
          0.0
        ],
        [
          0.0,
          1.0,
          0.0,
          0.0
        ],
        [
          0.0,
          0.0,
          1.0,
          0.0
        ],
        [
          0.0,
          0.0,
          0.0,
          1.0
        ]
      ],
      "parent_index": 123,
      "billboard_type": "Disabled"
    },
    {
      "name": "UplipR2",
      "transform": [
        [
          1.0,
          0.0,
          0.0,
          0.0
        ],
        [
          0.0,
          1.0,
          0.0,
          0.0
        ],
        [
          0.0,
          0.0,
          1.0,
          0.0
        ],
        [
          0.0,
          0.0,
          0.0,
          1.0
        ]
      ],
      "parent_index": 124,
      "billboard_type": "Disabled"
    },
    {
      "name": "UplipC",
      "transform": [
        [
          1.0,
          0.0,
          0.0,
          0.0
        ],
        [
          0.0,
          1.0,
          0.0,
          0.0
        ],
        [
          0.0,
          0.0,
          1.0,
          0.0
        ],
        [
          0.0,
          0.0,
          0.0,
          1.0
        ]
      ],
      "parent_index": 125,
      "billboard_type": "Disabled"
    },
    {
      "name": "Jaw",
      "transform": [
        [
          1.0,
          0.0,
          0.0,
          0.0
        ],
        [
          0.0,
          1.0,
          0.0,
          0.0
        ],
        [
          0.0,
          0.0,
          1.0,
          0.0
        ],
        [
          0.0,
          0.0,
          0.0,
          1.0
        ]
      ],
      "parent_index": 126,
      "billboard_type": "Disabled"
    },
    {
      "name": "DownlipC",
      "transform": [
        [
          1.0,
          0.0,
          0.0,
          0.0
        ],
        [
          0.0,
          1.0,
          0.0,
          0.0
        ],
        [
          0.0,
          0.0,
          1.0,
          0.0
        ],
        [
          0.0,
          0.0,
          0.0,
          1.0
        ]
      ],
      "parent_index": 127,
      "billboard_type": "Disabled"
    },
    {
      "name": "DownlipR",
      "transform": [
        [
          1.0,
          0.0,
          0.0,
          0.0
        ],
        [
          0.0,
          1.0,
          0.0,
          0.0
        ],
        [
          0.0,
          0.0,
          1.0,
          0.0
        ],
        [
          0.0,
          0.0,
          0.0,
          1.0
        ]
      ],
      "parent_index": 128,
      "billboard_type": "Disabled"
    },
    {
      "name": "DownlipL",
      "transform": [
        [
          1.0,
          0.0,
          0.0,
          0.0
        ],
        [
          0.0,
          1.0,
          0.0,
          0.0
        ],
        [
          0.0,
          0.0,
          1.0,
          0.0
        ],
        [
          0.0,
          0.0,
          0.0,
          1.0
        ]
      ],
      "parent_index": 129,
      "billboard_type": "Disabled"
    },
    {
      "name": "mustacheL",
      "transform": [
        [
          0.0,
          0.0,
          1.0,
          0.0
        ],
        [
          1.0,
          0.0,
          0.0,
          0.0
        ],
        [
          0.0,
          1.0,
          0.0,
          0.0
        ],
        [
          0.523295,
          2.31906,
          0.929448,
          1.0
        ]
      ],
      "parent_index": 6,
      "billboard_type": "Disabled"
    },
    {
      "name": "mustacheR",
      "transform": [
        [
          0.0,
          0.0,
          1.0,
          0.0
        ],
        [
          1.0,
          0.0,
          0.0,
          0.0
        ],
        [
          0.0,
          1.0,
          0.0,
          0.0
        ],
        [
          0.523295,
          2.31906,
          -0.929452,
          1.0
        ]
      ],
      "parent_index": 6,
