{
  "major_version": 1,
  "minor_version": 0,
  "bones": [
    {
      "name": "Trans",
      "transform": [
        [
          1.0,
          0.0,
          0.0,
          0.0
        ],
        [
          0.0,
          1.0,
          0.0,
          0.0
        ],
        [
          0.0,
          0.0,
          1.0,
          0.0
        ],
        [
          0.0,
          0.0,
          0.0,
          1.0
        ]
      ],
      "parent_index": null,
      "billboard_type": "Disabled"
    },
    {
      "name": "Rot",
      "transform": [
        [
          1.0,
          0.0,
          0.0,
          0.0
        ],
        [
          0.0,
          1.0,
          0.0,
          0.0
        ],
        [
          0.0,
          0.0,
          1.0,
          0.0
        ],
        [
          0.0,
          4.6,
          0.0,
          1.0
        ]
      ],
      "parent_index": 0,
      "billboard_type": "Disabled"
    },
    {
      "name": "Hip",
      "transform": [
        [
          0.0,
          1.0,
          0.0,
          0.0
        ],
        [
          0.0,
          0.0,
          1.0,
          0.0
        ],
        [
          1.0,
          0.0,
          0.0,
          0.0
        ],
        [
          0.0,
          -2.3,
          0.0,
          1.0
        ]
      ],
      "parent_index": 1,
      "billboard_type": "Disabled"
    },
    {
      "name": "Waist",
      "transform": [
        [
          1.0,
          0.0,
          0.0,
          0.0
        ],
        [
          0.0,
          1.0,
          0.0,
          0.0
        ],
        [
          0.0,
          0.0,
          1.0,
          0.0
        ],
        [
          3.262,
          0.0,
          0.0,
          1.0
        ]
      ],
      "parent_index": 2,
      "billboard_type": "Disabled"
    },
    {
      "name": "Bust",
      "transform": [
        [
          1.0,
          0.0,
          0.0,
          0.0
        ],
        [
          0.0,
          1.0,
          0.0,
          0.0
        ],
        [
          0.0,
          0.0,
          1.0,
          0.0
        ],
        [
          0.0,
          0.0,
          0.0,
          1.0
        ]
      ],
      "parent_index": 3,
      "billboard_type": "Disabled"
    },
    {
      "name": "Neck",
      "transform": [
        [
          1.0,
          0.0,
          0.00000206694,
          0.0
        ],
        [
          0.0,
          1.0,
          0.0,
          0.0
        ],
        [
          -0.00000206694,
          0.0,
          1.0,
          0.0
        ],
        [
          0.05,
          0.0,
          0.0,
          1.0
        ]
      ],
      "parent_index": 4,
      "billboard_type": "Disabled"
    },
    {
      "name": "Head",
      "transform": [
        [
          1.0,
          0.0,
          0.0,
          0.0
        ],
        [
          0.0,
          1.0,
          0.0,
          0.0
        ],
        [
          0.0,
          0.0,
          1.0,
          0.0
        ],
        [
          1.2,
          0.0,
          0.0,
          1.0
        ]
      ],
      "parent_index": 5,
      "billboard_type": "Disabled"
    },
    {
      "name": "Headdress",
      "transform": [
        [
          0.00000147307,
          0.0,
          1.0,
          0.0
        ],
        [
          1.0,
          0.0,
          -0.00000147307,
          0.0
        ],
        [
          0.0,
          1.0,
          0.0,
          0.0
        ],
        [
          3.425,
          0.0,
          0.0,
          1.0
        ]
      ],
      "parent_index": 6,
      "billboard_type": "Disabled"
    },
    {
      "name": "Body",
      "transform": [
        [
          1.0,
          0.0,
          0.0,
          0.0
        ],
        [
          0.0,
          1.0,
          0.0,
          0.0
        ],
        [
          0.0,
          0.0,
          1.0,
          0.0
        ],
        [
          0.05,
          0.0,
          0.0,
          1.0
        ]
      ],
      "parent_index": 4,
      "billboard_type": "Disabled"
    },
    {
      "name": "Wingbase",
      "transform": [
        [
          0.0,
          -1.0,
          0.0,
          0.0
        ],
        [
          1.0,
          0.0,
          0.0,
          0.0
        ],
        [
          0.0,
          0.0,
          1.0,
          0.0
        ],
        [
          2.5,
          -1.0,
          0.0,
          1.0
        ]
      ],
      "parent_index": 4,
      "billboard_type": "Disabled"
    },
    {
      "name": "WingL1",
      "transform": [
        [
          0.0965791,
          0.379599,
          0.920096,
          0.0
        ],
        [
          -0.995325,
          0.0368335,
          0.0892795,
          0.0
        ],
        [
          0.0,
          -0.924418,
          0.381382,
          0.0
        ],
        [
          2.50318,
          0.591876,
          0.28766,
          1.0
        ]
      ],
      "parent_index": 9,
      "billboard_type": "Disabled"
    },
    {
      "name": "WingL2",
      "transform": [
        [
          0.880502,
          0.0425517,
          -0.47213,
          0.0
        ],
        [
          -0.0590484,
          0.998051,
          -0.0201714,
          0.0
        ],
        [
          0.470351,
          0.0456395,
          0.881298,
          0.0
        ],
        [
          3.04941,
          0.0,
          0.0,
          1.0
        ]
      ],
      "parent_index": 10,
      "billboard_type": "Disabled"
    },
    {
      "name": "WingL3",
      "transform": [
        [
          0.993098,
          0.0281084,
          0.113869,
          0.0
        ],
        [
          -0.0284791,
          0.999593,
          0.00162939,
          0.0
        ],
        [
          -0.113777,
          -0.00486103,
          0.993494,
          0.0
        ],
        [
          6.09737,
          0.0,
          0.0,
          1.0
        ]
      ],
      "parent_index": 11,
      "billboard_type": "Disabled"
    },
    {
      "name": "WingR1",
      "transform": [
        [
          0.0965794,
          0.379599,
          -0.920096,
          0.0
        ],
        [
          -0.995325,
          0.0368336,
          -0.0892797,
          0.0
        ],
        [
          0.0,
          0.924418,
          0.381381,
          0.0
        ],
        [
          2.50318,
          0.59188,
          -0.287659,
          1.0
        ]
      ],
      "parent_index": 9,
      "billboard_type": "Disabled"
    },
    {
      "name": "WingR2",
      "transform": [
        [
          0.880502,
          0.0425514,
          0.47213,
          0.0
        ],
        [
          -0.0590483,
          0.998051,
          0.0201716,
          0.0
        ],
        [
          -0.470351,
          -0.0456396,
          0.881298,
          0.0
        ],
        [
          3.04941,
          0.0,
          0.0,
          1.0
        ]
      ],
      "parent_index": 13,
      "billboard_type": "Disabled"
    },
    {
      "name": "WingR3",
      "transform": [
        [
          0.993097,
          0.0281039,
          -0.113878,
          0.0
        ],
        [
          -0.0284746,
          0.999593,
          -0.00163009,
          0.0
        ],
        [
          0.113786,
          0.00486147,
          0.993493,
          0.0
        ],
        [
          6.09734,
          0.0,
          0.0,
          1.0
        ]
      ],
      "parent_index": 14,
      "billboard_type": "Disabled"
    },
    {
      "name": "Mantlebase",
      "transform": [
        [
          0.0,
          0.0,
          1.0,
          0.0
        ],
        [
          1.0,
          0.0,
          0.0,
          0.0
        ],
        [
          0.0,
          1.0,
          0.0,
          0.0
        ],
        [
          0.53,
          -2.0,
          0.0,
          1.0
        ]
      ],
      "parent_index": 4,
      "billboard_type": "Disabled"
    },
    {
      "name": "ClavicleC",
      "transform": [
        [
          1.0,
          0.0,
          0.0,
          0.0
        ],
        [
          0.0,
          1.0,
          0.0,
          0.0
        ],
        [
          0.0,
          0.0,
          1.0,
          0.0
        ],
        [
          0.05,
          0.0,
          0.0,
          1.0
        ]
      ],
      "parent_index": 4,
      "billboard_type": "Disabled"
    },
    {
      "name": "ClavicleL",
      "transform": [
        [
          0.0,
          0.0,
          1.0,
          0.0
        ],
        [
          0.0,
          1.0,
          0.0,
          0.0
        ],
        [
          -1.0,
          0.0,
          0.0,
          0.0
        ],
        [
          0.0,
          0.0,
          0.05,
          1.0
        ]
      ],
      "parent_index": 17,
      "billboard_type": "Disabled"
    },
    {
      "name": "ShoulderL",
      "transform": [
        [
          0.999811,
          -0.0193949,
          -0.000974344,
          0.0
        ],
        [
          0.0193949,
          0.999812,
          0.0,
          0.0
        ],
        [
          0.000974157,
          -0.0000190892,
          1.0,
          0.0
        ],
        [
          4.438,
          0.0145673,
          0.0250036,
          1.0
        ]
      ],
      "parent_index": 18,
      "billboard_type": "Disabled"
    },
    {
      "name": "ArmL",
      "transform": [
        [
          0.998498,
          0.0508561,
          -0.0203969,
          0.0
        ],
        [
          -0.0508666,
          0.998705,
          0.0,
          0.0
        ],
        [
          0.0203704,
          0.00103752,
          0.999792,
          0.0
        ],
        [
          1.136,
          0.0,
          0.0,
          1.0
        ]
      ],
      "parent_index": 19,
      "billboard_type": "Disabled"
    },
    {
      "name": "HandL",
      "transform": [
        [
          0.999276,
          -0.0314873,
          0.0213612,
          0.0
        ],
        [
          -0.0213702,
          0.0000496222,
          0.999772,
          0.0
        ],
        [
          -0.0314812,
          -0.999504,
          -0.000623305,
          0.0
        ],
        [
          0.958736,
          0.0,
          0.0,
          1.0
        ]
      ],
      "parent_index": 20,
      "billboard_type": "Disabled"
    },
    {
      "name": "HaveL",
      "transform": [
        [
          0.0,
          -1.0,
          0.0,
          0.0
        ],
        [
          0.0,
          0.0,
          -1.0,
          0.0
        ],
        [
          1.0,
          0.0,
          0.0,
          0.0
        ],
        [
          2.20967,
          0.491021,
          -0.110672,
          1.0
        ]
      ],
      "parent_index": 21,
      "billboard_type": "Disabled"
    },
    {
      "name": "ShoulderpadL",
      "transform": [
        [
          0.939693,
          -0.0593911,
          -0.336823,
          0.0
        ],
        [
          0.0,
          -0.984808,
          0.173648,
          0.0
        ],
        [
          -0.34202,
          -0.163176,
          -0.925417,
          0.0
        ],
        [
          4.24,
          -0.172559,
          -0.973881,
          1.0
        ]
      ],
      "parent_index": 18,
      "billboard_type": "Disabled"
    },
    {
      "name": "ClavicleR",
      "transform": [
        [
          0.0,
          0.0,
          -1.0,
          0.0
        ],
        [
          0.0,
          1.0,
          0.0,
          0.0
        ],
        [
          1.0,
          0.0,
          0.0,
          0.0
        ],
        [
          0.0,
          0.0,
          -0.05,
          1.0
        ]
      ],
      "parent_index": 17,
      "billboard_type": "Disabled"
    },
    {
      "name": "ShoulderR",
      "transform": [
        [
          0.999811,
          -0.0193948,
          0.000977704,
          0.0
        ],
        [
          0.0193948,
          0.999812,
          0.0,
          0.0
        ],
        [
          -0.000977514,
          0.0000192583,
          1.0,
          0.0
        ],
        [
          4.438,
          0.0145673,
          -0.0249974,
          1.0
        ]
      ],
      "parent_index": 24,
      "billboard_type": "Disabled"
    },
    {
      "name": "ArmR",
      "transform": [
        [
          0.998498,
          0.050856,
          0.0203963,
          0.0
        ],
        [
          -0.0508666,
          0.998705,
          0.0,
          0.0
        ],
        [
          -0.0203699,
          -0.00103749,
          0.999792,
          0.0
        ],
        [
          1.136,
          0.0,
          0.0,
          1.0
        ]
      ],
      "parent_index": 25,
      "billboard_type": "Disabled"
    },
    {
      "name": "HandR",
      "transform": [
        [
          0.999276,
          -0.0314873,
          -0.0213628,
          0.0
        ],
        [
          -0.0213719,
          0.0000500137,
          -0.999772,
          0.0
        ],
        [
          0.0314812,
          0.999504,
          -0.000622965,
          0.0
        ],
        [
          0.958734,
          0.0,
          0.0,
          1.0
        ]
      ],
      "parent_index": 26,
      "billboard_type": "Disabled"
    },
    {
      "name": "HaveR",
      "transform": [
        [
          0.0,
          1.0,
          0.0,
          0.0
        ],
        [
          0.0,
          0.0,
          1.0,
          0.0
        ],
        [
          1.0,
          0.0,
          0.0,
          0.0
        ],
        [
          2.20967,
          0.49103,
          0.110672,
          1.0
        ]
      ],
      "parent_index": 27,
      "billboard_type": "Disabled"
    },
    {
      "name": "ShoulderpadR",
      "transform": [
        [
          0.939693,
          -0.336824,
          0.0593906,
          0.0
        ],
        [
          0.0,
          -0.173648,
          -0.984808,
          0.0
        ],
        [
          0.34202,
          0.925417,
          -0.163176,
          0.0
        ],
        [
          4.24,
          -0.172559,
          0.973882,
          1.0
        ]
      ],
      "parent_index": 24,
      "billboard_type": "Disabled"
    },
    {
      "name": "LegC",
      "transform": [
        [
          1.0,
          -0.00000131385,
          0.0,
          0.0
        ],
        [
          0.00000131385,
          1.0,
          0.0,
          0.0
        ],
        [
          0.0,
          0.0,
          1.0,
          0.0
        ],
        [
          3.317,
          -0.00032387,
          0.0,
          1.0
        ]
      ],
      "parent_index": 2,
      "billboard_type": "Disabled"
    },
    {
      "name": "LegL",
      "transform": [
        [
          -0.887712,
          -0.192183,
          0.41837,
          0.0
        ],
        [
          0.211591,
          -0.977358,
          0.0,
          0.0
        ],
        [
          0.408898,
          0.0885234,
          0.908277,
          0.0
        ],
        [
          0.0,
          0.0,
          0.0100012,
          1.0
        ]
      ],
      "parent_index": 30,
      "billboard_type": "Disabled"
    },
    {
      "name": "KneeL",
      "transform": [
        [
          0.973313,
          0.228545,
          -0.0207002,
          0.0
        ],
        [
          -0.228594,
          0.973522,
          0.0,
          0.0
        ],
        [
          0.020152,
          0.00473193,
          0.999786,
          0.0
        ],
        [
          1.94023,
          0.0,
          0.0,
          1.0
        ]
      ],
      "parent_index": 31,
      "billboard_type": "Disabled"
    },
    {
      "name": "FootL",
      "transform": [
        [
          0.832302,
          -0.410878,
          -0.372093,
          0.0
        ],
        [
          0.412256,
          0.907548,
          -0.0800062,
          0.0
        ],
        [
          0.370565,
          -0.0868082,
          0.924741,
          0.0
        ],
        [
          2.18972,
          0.0,
          0.0,
          1.0
        ]
      ],
      "parent_index": 32,
      "billboard_type": "Disabled"
    },
    {
      "name": "ToeL",
      "transform": [
        [
          0.0,
          -1.0,
          0.0,
          0.0
        ],
        [
          1.0,
          0.0,
          0.0,
          0.0
        ],
        [
          0.0,
          0.0,
          1.0,
          0.0
        ],
        [
          0.976217,
          -2.77618,
          0.0138486,
          1.0
        ]
      ],
      "parent_index": 33,
      "billboard_type": "Disabled"
    },
    {
      "name": "LegR",
      "transform": [
        [
          -0.887712,
          -0.192183,
          -0.41837,
          0.0
        ],
        [
          0.211591,
          -0.977358,
          0.0,
          0.0
        ],
        [
          -0.408897,
          -0.0885233,
          0.908277,
          0.0
        ],
        [
          0.0,
          0.0,
          -0.0100012,
          1.0
        ]
      ],
      "parent_index": 30,
      "billboard_type": "Disabled"
    },
    {
      "name": "KneeR",
      "transform": [
        [
          0.973313,
          0.228548,
          0.0206991,
          0.0
        ],
        [
          -0.228597,
          0.973521,
          0.0,
          0.0
        ],
        [
          -0.020151,
          -0.00473176,
          0.999786,
          0.0
        ],
        [
          1.94023,
          0.0,
          0.0,
          1.0
        ]
      ],
      "parent_index": 35,
      "billboard_type": "Disabled"
    },
    {
      "name": "FootR",
      "transform": [
        [
          0.832301,
          -0.41088,
          0.372093,
          0.0
        ],
        [
          0.412259,
          0.907547,
          0.0800065,
          0.0
        ],
        [
          -0.370565,
          0.0868092,
          0.924741,
          0.0
        ],
        [
          2.18971,
          0.0,
          0.0,
          1.0
        ]
      ],
      "parent_index": 36,
      "billboard_type": "Disabled"
    },
    {
      "name": "ToeR",
      "transform": [
        [
          0.0,
          -1.0,
          0.0,
          0.0
        ],
        [
          1.0,
          0.0,
          0.0,
          0.0
        ],
        [
          0.0,
          0.0,
          1.0,
          0.0
        ],
        [
          0.976225,
          -2.77618,
          -0.0138486,
          1.0
        ]
      ],
      "parent_index": 37,
      "billboard_type": "Disabled"
    },
    {
      "name": "Throw",
      "transform": [
        [
          1.0,
          0.0,
          0.0,
          0.0
        ],
        [
          0.0,
          1.0,
          0.0,
          0.0
        ],
        [
          0.0,
          0.0,
          1.0,
          0.0
        ],
        [
          0.0,
          0.0,
          0.0,
          1.0
        ]
      ],
      "parent_index": 1,
      "billboard_type": "Disabled"
    },
    {
      "name": "S_MantleC1",
      "transform": [
        [
          -0.898058,
          -0.439876,
          0.0,
          0.0
        ],
        [
          -0.439876,
          0.898058,
          0.0,
          0.0
        ],
        [
          0.0,
          0.0,
          -1.0,
          0.0
        ],
        [
          1.84,
          -4.293,
          0.0,
          1.0
        ]
      ],
      "parent_index": 63,
      "billboard_type": "Disabled"
    },
    {
      "name": "S_MantleC2",
      "transform": [
        [
          0.996582,
          0.0826145,
          0.0,
          0.0
        ],
        [
          -0.0826145,
          0.996582,
          0.0,
          0.0
        ],
        [
          0.0,
          0.0,
          1.0,
          0.0
        ],
        [
          2.15688,
          0.0,
          0.0,
          1.0
        ]
      ],
      "parent_index": 40,
      "billboard_type": "Disabled"
    },
    {
      "name": "S_MantleC3",
      "transform": [
        [
          0.971001,
          0.239076,
          0.0,
          0.0
        ],
        [
          -0.239076,
          0.971001,
          0.0,
          0.0
        ],
        [
          0.0,
          0.0,
          1.0,
          0.0
        ],
        [
          2.66198,
          0.0,
          0.0,
          1.0
        ]
      ],
      "parent_index": 41,
      "billboard_type": "Disabled"
    },
    {
      "name": "S_MantleC4_null",
      "transform": [
        [
          1.0,
          0.0,
          0.0,
          0.0
        ],
        [
          0.0,
          1.0,
          0.0,
          0.0
        ],
        [
          0.0,
          0.0,
          1.0,
          0.0
        ],
        [
          2.68021,
          0.0,
          0.0,
          1.0
        ]
      ],
      "parent_index": 42,
      "billboard_type": "Disabled"
    },
    {
      "name": "S_MantleL1",
      "transform": [
        [
          -0.936062,
          -0.334232,
          0.109894,
          0.0
        ],
        [
          -0.331952,
          0.942491,
          0.0389721,
          0.0
        ],
        [
          -0.1166,
          0.0,
          -0.993179,
          0.0
        ],
        [
          1.84001,
          -2.81824,
          3.22392,
          1.0
        ]
      ],
      "parent_index": 63,
      "billboard_type": "Disabled"
    },
    {
      "name": "S_MantleL2",
      "transform": [
        [
          0.983885,
          0.153407,
          -0.0918459,
          0.0
        ],
        [
          -0.155605,
          0.987669,
          -0.017219,
          0.0
        ],
        [
          0.0880718,
          0.0312332,
          0.995624,
          0.0
        ],
        [
          1.84115,
          0.0,
          0.0,
          1.0
        ]
      ],
      "parent_index": 44,
      "billboard_type": "Disabled"
    },
    {
      "name": "S_MantleL3",
      "transform": [
        [
          0.969935,
          0.22048,
          -0.10303,
          0.0
        ],
        [
          -0.221262,
          0.975206,
          0.00391566,
          0.0
        ],
        [
          0.101339,
          0.0189988,
          0.994671,
          0.0
        ],
        [
          2.86039,
          0.0,
          0.0,
          1.0
        ]
      ],
      "parent_index": 45,
      "billboard_type": "Disabled"
    },
    {
      "name": "S_MantleL4_null",
      "transform": [
        [
          1.0,
          0.0,
          0.0,
          0.0
        ],
        [
          0.0,
          1.0,
          0.0,
          0.0
        ],
        [
          0.0,
          0.0,
          1.0,
          0.0
        ],
        [
          2.72833,
          0.0,
          0.0,
          1.0
        ]
      ],
      "parent_index": 46,
      "billboard_type": "Disabled"
    },
    {
      "name": "S_MantleR1",
      "transform": [
        [
          -0.936062,
          -0.33423,
          -0.109899,
          0.0
        ],
        [
          -0.33195,
          0.942492,
          -0.0389734,
          0.0
        ],
        [
          0.116605,
          0.0,
          -0.993178,
          0.0
        ],
        [
          1.84001,
          -2.81824,
          -3.22392,
          1.0
        ]
      ],
      "parent_index": 63,
      "billboard_type": "Disabled"
    },
    {
      "name": "S_MantleR2",
      "transform": [
        [
          0.983887,
          0.153405,
          0.0918378,
          0.0
        ],
        [
          -0.155602,
          0.98767,
          0.0172176,
          0.0
        ],
        [
          -0.0880641,
          -0.0312303,
          0.995625,
          0.0
        ],
        [
          1.84115,
          0.0,
          0.0,
          1.0
        ]
      ],
      "parent_index": 48,
      "billboard_type": "Disabled"
    },
    {
      "name": "S_MantleR3",
      "transform": [
        [
          0.969933,
          0.220483,
          0.103036,
          0.0
        ],
        [
          -0.221265,
          0.975206,
          -0.00391606,
          0.0
        ],
        [
          -0.101345,
          -0.019,
          0.99467,
          0.0
        ],
        [
          2.8604,
          0.0,
          0.0,
          1.0
        ]
      ],
      "parent_index": 49,
      "billboard_type": "Disabled"
    },
    {
      "name": "S_MantleR4_null",
      "transform": [
        [
          1.0,
          0.0,
          0.0,
          0.0
        ],
        [
          0.0,
          1.0,
          0.0,
          0.0
        ],
        [
          0.0,
          0.0,
          1.0,
          0.0
        ],
        [
          2.72833,
          0.0,
          0.0,
          1.0
        ]
      ],
      "parent_index": 50,
      "billboard_type": "Disabled"
    },
    {
      "name": "S_CollarL1",
      "transform": [
        [
          0.985815,
          0.152627,
          0.0698095,
          0.0
        ],
        [
          -0.152246,
          0.988284,
          -0.0107811,
          0.0
        ],
        [
          -0.0706371,
          0.0,
          0.997502,
          0.0
        ],
        [
          1.84,
          -2.819,
          3.224,
          1.0
        ]
      ],
      "parent_index": 62,
      "billboard_type": "Disabled"
    },
    {
      "name": "S_CollarL2",
      "transform": [
        [
          0.749272,
          -0.633775,
          0.192146,
          0.0
        ],
        [
          0.624276,
          0.772763,
          0.114526,
          0.0
        ],
        [
          -0.221067,
          0.0341408,
          0.974661,
          0.0
        ],
        [
          1.93914,
          0.0,
          0.0,
          1.0
        ]
      ],
      "parent_index": 52,
      "billboard_type": "Disabled"
    },
    {
      "name": "S_CollarL3_null",
      "transform": [
        [
          1.0,
          0.0,
          0.0,
          0.0
        ],
        [
          0.0,
          1.0,
          0.0,
          0.0
        ],
        [
          0.0,
          0.0,
          1.0,
          0.0
        ],
        [
          1.66769,
          0.0,
          0.0,
          1.0
        ]
      ],
      "parent_index": 53,
      "billboard_type": "Disabled"
    },
    {
      "name": "S_CollarC1",
      "transform": [
        [
          0.996046,
          0.0888421,
          0.0,
          0.0
        ],
        [
          -0.0888421,
          0.996046,
          0.0,
          0.0
        ],
        [
          0.0,
          0.0,
          1.0,
          0.0
        ],
        [
          1.84,
          -4.293,
          0.0,
          1.0
        ]
      ],
      "parent_index": 62,
      "billboard_type": "Disabled"
    },
    {
      "name": "S_CollarC2",
      "transform": [
        [
          0.657428,
          -0.753518,
          0.0,
          0.0
        ],
        [
          0.753518,
          0.657428,
          0.0,
          0.0
        ],
        [
          0.0,
          0.0,
          1.0,
          0.0
        ],
        [
          3.037,
          0.0,
          0.0,
          1.0
        ]
      ],
      "parent_index": 55,
      "billboard_type": "Disabled"
    },
    {
      "name": "S_CollarC3_null",
      "transform": [
        [
          1.0,
          0.0,
          0.0,
          0.0
        ],
        [
          0.0,
          1.0,
          0.0,
          0.0
        ],
        [
          0.0,
          0.0,
          1.0,
          0.0
        ],
        [
          2.361,
          0.0,
          0.0,
          1.0
        ]
      ],
      "parent_index": 56,
      "billboard_type": "Disabled"
    },
    {
      "name": "S_CollarR1",
      "transform": [
        [
          0.985815,
          0.152629,
          -0.0698085,
          0.0
        ],
        [
          -0.152248,
          0.988284,
          0.0107811,
          0.0
        ],
        [
          0.0706361,
          0.0,
          0.997502,
          0.0
        ],
        [
          1.84,
          -2.819,
          -3.224,
          1.0
        ]
      ],
      "parent_index": 62,
      "billboard_type": "Disabled"
    },
    {
      "name": "S_CollarR2",
      "transform": [
        [
          0.749258,
          -0.633791,
          -0.19215,
          0.0
        ],
        [
          0.624291,
          0.77275,
          -0.114533,
          0.0
        ],
        [
          0.221074,
          -0.0341423,
          0.974659,
          0.0
        ],
        [
          1.93915,
          0.0,
          0.0,
          1.0
        ]
      ],
      "parent_index": 58,
      "billboard_type": "Disabled"
    },
    {
      "name": "S_CollarR3_null",
      "transform": [
        [
          1.0,
          0.0,
          0.0,
          0.0
        ],
        [
          0.0,
          1.0,
          0.0,
          0.0
        ],
        [
          0.0,
          0.0,
          1.0,
          0.0
        ],
        [
          1.66765,
          0.0,
          0.0,
          1.0
        ]
      ],
      "parent_index": 59,
      "billboard_type": "Disabled"
    },
    {
      "name": "Mask",
      "transform": [
        [
          1.0,
          0.0,
          0.00000206694,
          0.0
        ],
        [
          0.0,
          1.0,
          0.0,
          0.0
        ],
        [
          -0.00000206694,
          0.0,
          1.0,
          0.0
        ],
        [
          0.0,
          0.001,
          0.0,
          1.0
        ]
      ],
      "parent_index": 8,
      "billboard_type": "Disabled"
    },
    {
      "name": "MantleAll",
      "transform": [
        [
          1.0,
          0.0,
          0.0,
          0.0
        ],
        [
          0.0,
          1.0,
          0.0,
          0.0
        ],
        [
          0.0,
          0.0,
          1.0,
          0.0
        ],
        [
          0.0,
          0.0,
          0.0,
          1.0
        ]
      ],
      "parent_index": 8,
      "billboard_type": "Disabled"
    },
    {
      "name": "MantleExtend",
      "transform": [
        [
          1.0,
          0.0,
          0.0,
          0.0
        ],
        [
          0.0,
          1.0,
          0.0,
          0.0
        ],
        [
          0.0,
          0.0,
          1.0,
          0.0
        ],
        [
          0.0,
          0.0,
          0.0,
          1.0
        ]
      ],
      "parent_index": 62,
      "billboard_type": "Disabled"
    },
    {
      "name": "WingLa1",
      "transform": [
        [
          0.98916,
          -0.0573718,
          0.135168,
          0.0
        ],
        [
          0.0565805,
          0.998351,
          0.00969186,
          0.0
        ],
        [
          -0.135501,
          -0.00193894,
          0.990775,
          0.0
        ],
        [
          1.15211,
          0.0,
          0.0,
          1.0
        ]
      ],
      "parent_index": 12,
      "billboard_type": "Disabled"
    },
    {
      "name": "WingLa2",
      "transform": [
        [
          0.870555,
          -0.0559985,
          0.488874,
          0.0
        ],
        [
          0.0315286,
          0.99781,
          0.058151,
          0.0
        ],
        [
          -0.49106,
          -0.0352101,
          0.870414,
          0.0
        ],
        [
          6.0881,
          0.0,
          0.0,
          1.0
        ]
      ],
      "parent_index": 64,
      "billboard_type": "Disabled"
    },
    {
      "name": "WingLa3",
      "transform": [
        [
          0.928579,
          0.000407051,
          0.371134,
          0.0
        ],
        [
          -0.016745,
          0.999027,
          0.0408004,
          0.0
        ],
        [
          -0.370756,
          -0.044101,
          0.927683,
          0.0
        ],
        [
          5.54475,
          0.0,
          0.0,
          1.0
        ]
      ],
      "parent_index": 65,
      "billboard_type": "Disabled"
    },
    {
      "name": "WingLa4",
      "transform": [
        [
          1.0,
          0.0,
          0.0,
          0.0
        ],
        [
          0.0,
          1.0,
          0.0,
          0.0
        ],
        [
          0.0,
          0.0,
          1.0,
          0.0
        ],
        [
          6.11159,
          0.0,
          0.0,
          1.0
        ]
      ],
      "parent_index": 66,
      "billboard_type": "Disabled"
    },
    {
      "name": "WingLb1",
      "transform": [
        [
          0.579189,
          -0.333434,
          0.743883,
          0.0
        ],
        [
          0.195351,
          0.942705,
          0.270453,
          0.0
        ],
        [
          -0.79144,
          -0.011325,
          0.611141,
          0.0
        ],
        [
          0.856558,
          -0.105515,
          0.342026,
          1.0
        ]
      ],
      "parent_index": 12,
      "billboard_type": "Disabled"
    },
    {
      "name": "WingLb2",
      "transform": [
        [
          0.936556,
          0.198094,
          0.289176,
          0.0
        ],
        [
          -0.218305,
          0.975099,
          0.0390538,
          0.0
        ],
        [
          -0.274238,
          -0.0997045,
          0.956479,
          0.0
        ],
        [
          4.56355,
          0.0,
          0.0,
          1.0
        ]
      ],
      "parent_index": 68,
      "billboard_type": "Disabled"
    },
    {
      "name": "WingLb3",
      "transform": [
        [
          1.0,
          0.0,
          0.0,
          0.0
        ],
        [
          0.0,
          1.0,
          0.0,
          0.0
        ],
        [
          0.0,
          0.0,
          1.0,
          0.0
        ],
        [
          4.69665,
          0.0,
          0.0,
          1.0
        ]
      ],
      "parent_index": 69,
      "billboard_type": "Disabled"
    },
    {
      "name": "WingLc1",
      "transform": [
        [
          -0.431816,
          -0.334747,
          0.837543,
          0.0
        ],
        [
          -0.165353,
          0.942223,
          0.291333,
          0.0
        ],
        [
          -0.886675,
          -0.0126878,
          -0.462218,
          0.0
        ],
        [
          0.273707,
          -0.273832,
          0.312378,
          1.0
        ]
      ],
      "parent_index": 12,
      "billboard_type": "Disabled"
    },
    {
      "name": "WingLc2",
      "transform": [
        [
          0.948547,
          0.299973,
          0.101363,
          0.0
        ],
        [
          -0.301803,
          0.953366,
          0.00287063,
          0.0
        ],
        [
          -0.0957752,
          -0.0333147,
          0.994845,
          0.0
        ],
        [
          3.6177,
          0.0,
          0.0,
          1.0
        ]
      ],
      "parent_index": 71,
      "billboard_type": "Disabled"
    },
    {
      "name": "WingLc3",
      "transform": [
        [
          1.0,
          0.0,
          0.0,
          0.0
        ],
        [
          0.0,
          1.0,
          0.0,
          0.0
        ],
        [
          0.0,
          0.0,
          1.0,
          0.0
        ],
        [
          3.77487,
          0.0,
          0.0,
          1.0
        ]
      ],
      "parent_index": 72,
      "billboard_type": "Disabled"
    },
    {
      "name": "WingRa1",
      "transform": [
        [
          0.989162,
          -0.0573656,
          -0.135158,
          0.0
        ],
        [
          0.0565743,
          0.998351,
          -0.00969097,
          0.0
        ],
        [
          0.135491,
          0.00193947,
          0.990777,
          0.0
        ],
        [
          1.15211,
          0.0,
          0.0,
          1.0
        ]
      ],
      "parent_index": 15,
      "billboard_type": "Disabled"
    },
    {
      "name": "WingRa2",
      "transform": [
        [
          0.870559,
          -0.0559987,
          -0.488867,
          0.0
        ],
        [
          0.0315298,
          0.99781,
          -0.0581498,
          0.0
        ],
        [
          0.491052,
          0.035209,
          0.870418,
          0.0
        ],
        [
          6.08816,
          0.0,
          0.0,
          1.0
        ]
      ],
      "parent_index": 74,
      "billboard_type": "Disabled"
    },
    {
      "name": "WingRa3",
      "transform": [
        [
          0.928572,
          0.000404746,
          -0.371151,
          0.0
        ],
        [
          -0.0167443,
          0.999027,
          -0.0408026,
          0.0
        ],
        [
          0.370773,
          0.0441028,
          0.927676,
          0.0
        ],
        [
          5.54474,
          0.0,
          0.0,
          1.0
        ]
      ],
      "parent_index": 75,
      "billboard_type": "Disabled"
    },
    {
      "name": "WingRa4",
      "transform": [
        [
          1.0,
          0.0,
          0.0,
          0.0
        ],
        [
          0.0,
          1.0,
          0.0,
          0.0
        ],
        [
          0.0,
          0.0,
          1.0,
          0.0
        ],
        [
          6.11154,
          0.0,
          0.0,
          1.0
        ]
      ],
      "parent_index": 76,
      "billboard_type": "Disabled"
    },
    {
      "name": "WingRb1",
      "transform": [
        [
          0.579201,
          -0.333428,
          -0.743877,
          0.0
        ],
        [
          0.195347,
          0.942708,
          -0.270447,
          0.0
        ],
        [
          0.791433,
          0.0113289,
          0.611151,
          0.0
        ],
        [
          0.856581,
          -0.105511,
          -0.342002,
          1.0
        ]
      ],
      "parent_index": 15,
      "billboard_type": "Disabled"
    },
    {
      "name": "WingRb2",
      "transform": [
        [
          0.936554,
          0.198087,
          -0.289186,
          0.0
        ],
        [
          -0.218299,
          0.9751,
          -0.039056,
          0.0
        ],
        [
          0.274249,
          0.0997073,
          0.956476,
          0.0
        ],
        [
          4.56358,
          0.0,
          0.0,
          1.0
        ]
      ],
      "parent_index": 78,
      "billboard_type": "Disabled"
    },
    {
      "name": "WingRb3",
      "transform": [
        [
          1.0,
          0.0,
          0.0,
          0.0
        ],
        [
          0.0,
          1.0,
          0.0,
          0.0
        ],
        [
          0.0,
          0.0,
          1.0,
          0.0
        ],
        [
          4.69658,
          0.0,
          0.0,
          1.0
        ]
      ],
      "parent_index": 79,
      "billboard_type": "Disabled"
    },
    {
      "name": "WingRc1",
      "transform": [
        [
          -0.431803,
          -0.334751,
          -0.837548,
          0.0
        ],
        [
          -0.165355,
          0.942221,
          -0.291337,
          0.0
        ],
        [
          0.886681,
          0.0126923,
          -0.462207,
          0.0
        ],
        [
          0.273737,
          -0.27383,
          -0.312352,
          1.0
        ]
      ],
      "parent_index": 15,
      "billboard_type": "Disabled"
    },
    {
      "name": "WingRc2",
      "transform": [
        [
          0.948546,
          0.299975,
          -0.101368,
          0.0
        ],
        [
          -0.301806,
          0.953365,
          -0.00287067,
          0.0
        ],
        [
          0.0957793,
          0.0333163,
          0.994845,
          0.0
        ],
        [
          3.61768,
          0.0,
