{
  "major_version": 1,
  "minor_version": 0,
  "bones": [
    {
      "name": "Trans",
      "transform": [
        [
          1.0,
          0.0,
          0.0,
          0.0
        ],
        [
          0.0,
          1.0,
          0.0,
          0.0
        ],
        [
          0.0,
          0.0,
          1.0,
          0.0
        ],
        [
          0.0,
          0.0,
          0.0,
          1.0
        ]
      ],
      "parent_index": null,
      "billboard_type": "Disabled"
    },
    {
      "name": "Rot",
      "transform": [
        [
          1.0,
          0.0,
          0.0,
          0.0
        ],
        [
          0.0,
          1.0,
          0.0,
          0.0
        ],
        [
          0.0,
          0.0,
          1.0,
          0.0
        ],
        [
          0.0,
          11.0729,
          0.364095,
          1.0
        ]
      ],
      "parent_index": 0,
      "billboard_type": "Disabled"
    },
    {
      "name": "Hip",
      "transform": [
        [
          0.0,
          0.984808,
          0.173648,
          0.0
        ],
        [
          0.0,
          -0.173648,
          0.984808,
          0.0
        ],
        [
          1.0,
          0.0,
          0.0,
          0.0
        ],
        [
          0.0,
          0.0,
          0.0,
          1.0
        ]
      ],
      "parent_index": 1,
      "billboard_type": "Disabled"
    },
    {
      "name": "Waist",
      "transform": [
        [
          0.984808,
          -0.173648,
          0.0,
          0.0
        ],
        [
          0.173648,
          0.984808,
          0.0,
          0.0
        ],
        [
          0.0,
          0.0,
          1.0,
          0.0
        ],
        [
          1.6,
          0.0,
          0.0,
          1.0
        ]
      ],
      "parent_index": 2,
      "billboard_type": "Disabled"
    },
    {
      "name": "Bust",
      "transform": [
        [
          0.978148,
          -0.207912,
          0.0,
          0.0
        ],
        [
          0.207912,
          0.978148,
          0.0,
          0.0
        ],
        [
          0.0,
          0.0,
          1.0,
          0.0
        ],
        [
          1.4,
          0.0,
          0.0,
          1.0
        ]
      ],
      "parent_index": 3,
      "billboard_type": "Disabled"
    },
    {
      "name": "Neck",
      "transform": [
        [
          0.920505,
          0.390731,
          0.0,
          0.0
        ],
        [
          -0.390731,
          0.920505,
          0.0,
          0.0
        ],
        [
          0.0,
          0.0,
          1.0,
          0.0
        ],
        [
          2.5,
          0.0,
          0.0,
          1.0
        ]
      ],
      "parent_index": 4,
      "billboard_type": "Disabled"
    },
    {
      "name": "Head",
      "transform": [
        [
          0.981627,
          -0.190809,
          0.0,
          0.0
        ],
        [
          0.190809,
          0.981627,
          0.0,
          0.0
        ],
        [
          0.0,
          0.0,
          1.0,
          0.0
        ],
        [
          1.0,
          0.0,
          0.0,
          1.0
        ]
      ],
      "parent_index": 5,
      "billboard_type": "Disabled"
    },
    {
      "name": "Face",
      "transform": [
        [
          0.0,
          0.0,
          1.0,
          0.0
        ],
        [
          1.0,
          0.0,
          0.0,
          0.0
        ],
        [
          0.0,
          1.0,
          0.0,
          0.0
        ],
        [
          0.147874,
          0.133,
          0.0,
          1.0
        ]
      ],
      "parent_index": 6,
      "billboard_type": "Disabled"
    },
    {
      "name": "ClavicleC",
      "transform": [
        [
          0.978148,
          0.207912,
          0.0,
          0.0
        ],
        [
          -0.207912,
          0.978148,
          0.0,
          0.0
        ],
        [
          0.0,
          0.0,
          1.0,
          0.0
        ],
        [
          2.34317,
          -0.232573,
          0.0,
          1.0
        ]
      ],
      "parent_index": 4,
      "billboard_type": "Disabled"
    },
    {
      "name": "ClavicleL",
      "transform": [
        [
          0.0,
          0.0,
          1.0,
          0.0
        ],
        [
          0.0,
          1.0,
          0.0,
          0.0
        ],
        [
          -1.0,
          0.0,
          0.0,
          0.0
        ],
        [
          0.0,
          0.0,
          0.6,
          1.0
        ]
      ],
      "parent_index": 8,
      "billboard_type": "Disabled"
    },
    {
      "name": "ShoulderL",
      "transform": [
        [
          0.999882,
          -0.0153511,
          0.0,
          0.0
        ],
        [
          0.0153511,
          0.999882,
          0.0,
          0.0
        ],
        [
          0.0,
          0.0,
          1.0,
          0.0
        ],
        [
          0.959221,
          0.0,
          0.0,
          1.0
        ]
      ],
      "parent_index": 9,
      "billboard_type": "Disabled"
    },
    {
      "name": "ArmL",
      "transform": [
        [
          0.998873,
          0.0474691,
          0.0,
          0.0
        ],
        [
          -0.0474691,
          0.998873,
          0.0,
          0.0
        ],
        [
          0.0,
          0.0,
          1.0,
          0.0
        ],
        [
          2.80859,
          0.0,
          0.0,
          1.0
        ]
      ],
      "parent_index": 10,
      "billboard_type": "Disabled"
    },
    {
      "name": "HandL",
      "transform": [
        [
          0.999484,
          -0.0321297,
          0.0,
          0.0
        ],
        [
          0.0,
          0.0,
          1.0,
          0.0
        ],
        [
          -0.0321297,
          -0.999484,
          0.0,
          0.0
        ],
        [
          2.87536,
          0.0,
          0.0,
          1.0
        ]
      ],
      "parent_index": 11,
      "billboard_type": "Disabled"
    },
    {
      "name": "HaveL",
      "transform": [
        [
          0.0,
          -1.0,
          0.0,
          0.0
        ],
        [
          0.0,
          0.0,
          -1.0,
          0.0
        ],
        [
          1.0,
          0.0,
          0.0,
          0.0
        ],
        [
          1.0,
          0.25,
          0.0,
          1.0
        ]
      ],
      "parent_index": 12,
      "billboard_type": "Disabled"
    },
    {
      "name": "Shield",
      "transform": [
        [
          1.0,
          0.0,
          0.0,
          0.0
        ],
        [
          0.0,
          1.0,
          0.0,
          0.0
        ],
        [
          0.0,
          0.0,
          1.0,
          0.0
        ],
        [
          1.61727,
          0.0,
          0.0,
          1.0
        ]
      ],
      "parent_index": 11,
      "billboard_type": "Disabled"
    },
    {
      "name": "ClavicleR",
      "transform": [
        [
          0.0,
          0.0,
          -1.0,
          0.0
        ],
        [
          0.0,
          1.0,
          0.0,
          0.0
        ],
        [
          1.0,
          0.0,
          0.0,
          0.0
        ],
        [
          0.0,
          0.0,
          -0.6,
          1.0
        ]
      ],
      "parent_index": 8,
      "billboard_type": "Disabled"
    },
    {
      "name": "ShoulderR",
      "transform": [
        [
          0.999882,
          -0.0153511,
          0.0,
          0.0
        ],
        [
          0.0153511,
          0.999882,
          0.0,
          0.0
        ],
        [
          0.0,
          0.0,
          1.0,
          0.0
        ],
        [
          0.959219,
          0.0,
          0.0,
          1.0
        ]
      ],
      "parent_index": 15,
      "billboard_type": "Disabled"
    },
    {
      "name": "ArmR",
      "transform": [
        [
          0.998873,
          0.0474691,
          0.0,
          0.0
        ],
        [
          -0.0474691,
          0.998873,
          0.0,
          0.0
        ],
        [
          0.0,
          0.0,
          1.0,
          0.0
        ],
        [
          2.80859,
          0.0,
          0.0,
          1.0
        ]
      ],
      "parent_index": 16,
      "billboard_type": "Disabled"
    },
    {
      "name": "HandR",
      "transform": [
        [
          0.999484,
          -0.0321297,
          0.0,
          0.0
        ],
        [
          0.0,
          0.0,
          -1.0,
          0.0
        ],
        [
          0.0321297,
          0.999484,
          0.0,
          0.0
        ],
        [
          2.87536,
          0.0,
          0.0,
          1.0
        ]
      ],
      "parent_index": 17,
      "billboard_type": "Disabled"
    },
    {
      "name": "HaveR",
      "transform": [
        [
          0.0,
          1.0,
          0.0,
          0.0
        ],
        [
          0.0,
          0.0,
          1.0,
          0.0
        ],
        [
          1.0,
          0.0,
          0.0,
          0.0
        ],
        [
          0.95,
          0.25,
          0.0,
          1.0
        ]
      ],
      "parent_index": 18,
      "billboard_type": "Disabled"
    },
    {
      "name": "Stick",
      "transform": [
        [
          1.0,
          0.0,
          0.0,
          0.0
        ],
        [
          0.0,
          1.0,
          0.0,
          0.0
        ],
        [
          0.0,
          0.0,
          1.0,
          0.0
        ],
        [
          0.0,
          -2.2,
          0.0,
          1.0
        ]
      ],
      "parent_index": 19,
      "billboard_type": "Disabled"
    },
    {
      "name": "LegC",
      "transform": [
        [
          0.984808,
          -0.173648,
          0.0,
          0.0
        ],
        [
          0.173648,
          0.984808,
          0.0,
          0.0
        ],
        [
          0.0,
          0.0,
          1.0,
          0.0
        ],
        [
          0.0,
          0.0,
          0.0,
          1.0
        ]
      ],
      "parent_index": 2,
      "billboard_type": "Disabled"
    },
    {
      "name": "LegL",
      "transform": [
        [
          -0.999987,
          -0.00514346,
          0.0,
          0.0
        ],
        [
          0.00514346,
          -0.999987,
          0.0,
          0.0
        ],
        [
          0.0,
          0.0,
          1.0,
          0.0
        ],
        [
          0.0,
          0.0,
          1.01596,
          1.0
        ]
      ],
      "parent_index": 21,
      "billboard_type": "Disabled"
    },
    {
      "name": "KneeL",
      "transform": [
        [
          0.992564,
          0.121724,
          0.0,
          0.0
        ],
        [
          -0.121724,
          0.992564,
          0.0,
          0.0
        ],
        [
          0.0,
          0.0,
          1.0,
          0.0
        ],
        [
          4.75,
          0.0,
          0.0,
          1.0
        ]
      ],
      "parent_index": 22,
      "billboard_type": "Disabled"
    },
    {
      "name": "FootL",
      "transform": [
        [
          0.991925,
          -0.126827,
          0.0,
          0.0
        ],
        [
          0.126827,
          0.991925,
          0.0,
          0.0
        ],
        [
          0.0,
          0.0,
          1.0,
          0.0
        ],
        [
          4.60297,
          0.0,
          0.0,
          1.0
        ]
      ],
      "parent_index": 23,
      "billboard_type": "Disabled"
    },
    {
      "name": "ToeL",
      "transform": [
        [
          0.0,
          -1.0,
          0.0,
          0.0
        ],
        [
          1.0,
          0.0,
          0.0,
          0.0
        ],
        [
          0.0,
          0.0,
          1.0,
          0.0
        ],
        [
          1.35,
          -1.45,
          0.0,
          1.0
        ]
      ],
      "parent_index": 24,
      "billboard_type": "Disabled"
    },
    {
      "name": "LegR",
      "transform": [
        [
          -0.999987,
          -0.00514346,
          0.0,
          0.0
        ],
        [
          0.00514346,
          -0.999987,
          0.0,
          0.0
        ],
        [
          0.0,
          0.0,
          1.0,
          0.0
        ],
        [
          0.0,
          0.0,
          -1.01596,
          1.0
        ]
      ],
      "parent_index": 21,
      "billboard_type": "Disabled"
    },
    {
      "name": "KneeR",
      "transform": [
        [
          0.992564,
          0.121724,
          0.0,
          0.0
        ],
        [
          -0.121724,
          0.992564,
          0.0,
          0.0
        ],
        [
          0.0,
          0.0,
          1.0,
          0.0
        ],
        [
          4.75,
          0.0,
          0.0,
          1.0
        ]
      ],
      "parent_index": 26,
      "billboard_type": "Disabled"
    },
    {
      "name": "FootR",
      "transform": [
        [
          0.991925,
          -0.126827,
          0.0,
          0.0
        ],
        [
          0.126827,
          0.991925,
          0.0,
          0.0
        ],
        [
          0.0,
          0.0,
          1.0,
          0.0
        ],
        [
          4.603,
          0.0,
          0.0,
          1.0
        ]
      ],
      "parent_index": 27,
      "billboard_type": "Disabled"
    },
    {
      "name": "ToeR",
      "transform": [
        [
          0.0,
          -1.0,
          0.0,
          0.0
        ],
        [
          1.0,
          0.0,
          0.0,
          0.0
        ],
        [
          0.0,
          0.0,
          1.0,
          0.0
        ],
        [
          1.35,
          -1.45,
          0.0,
          1.0
        ]
      ],
      "parent_index": 28,
      "billboard_type": "Disabled"
    },
    {
      "name": "Throw",
      "transform": [
        [
          0.974085,
          -0.159721,
          0.160146,
          0.0
        ],
        [
          0.0933266,
          0.928789,
          0.358667,
          0.0
        ],
        [
          -0.206029,
          -0.334426,
          0.919626,
          0.0
        ],
        [
          0.050003,
          -11.0729,
          -0.373633,
          1.0
        ]
      ],
      "parent_index": 1,
      "billboard_type": "Disabled"
    },
    {
      "name": "S_HairBL1",
      "transform": [
        [
          -0.936794,
          -0.345526,
          0.0550405,
          0.0
        ],
        [
          0.349882,
          -0.92513,
          0.147368,
          0.0
        ],
        [
          0.0,
          0.157311,
          0.987549,
          0.0
        ],
        [
          1.8799,
          -0.538669,
          1.0,
          1.0
        ]
      ],
      "parent_index": 6,
      "billboard_type": "Disabled"
    },
    {
      "name": "S_HairBL2",
      "transform": [
        [
          0.999581,
          -0.00804484,
          0.0277995,
          0.0
        ],
        [
          0.00128169,
          0.97195,
          0.235185,
          0.0
        ],
        [
          -0.0289118,
          -0.235051,
          0.971553,
          0.0
        ],
        [
          3.00737,
          0.0,
          0.0,
          1.0
        ]
      ],
      "parent_index": 31,
      "billboard_type": "Disabled"
    },
    {
      "name": "S_HairBL3",
      "transform": [
        [
          0.999312,
          -0.0176352,
          -0.0326213,
          0.0
        ],
        [
          0.0145212,
          0.995528,
          -0.0933486,
          0.0
        ],
        [
          0.0341216,
          0.0928107,
          0.995099,
          0.0
        ],
        [
          3.86307,
          0.0,
          0.0,
          1.0
        ]
      ],
      "parent_index": 32,
      "billboard_type": "Disabled"
    },
    {
      "name": "S_HairBL4",
      "transform": [
        [
          0.979876,
          -0.19127,
          0.0570936,
          0.0
        ],
        [
          0.197875,
          0.968405,
          -0.151778,
          0.0
        ],
        [
          -0.0262592,
          0.160021,
          0.986764,
          0.0
        ],
        [
          4.23275,
          0.0,
          0.0,
          1.0
        ]
      ],
      "parent_index": 33,
      "billboard_type": "Disabled"
    },
    {
      "name": "S_HairBL5_null",
      "transform": [
        [
          0.999614,
          0.00044133,
          0.0277631,
          0.0
        ],
        [
          0.00281764,
          0.9931,
          -0.117236,
          0.0
        ],
        [
          -0.0276233,
          0.117269,
          0.992716,
          0.0
        ],
        [
          5.33782,
          0.0,
          0.0,
          1.0
        ]
      ],
      "parent_index": 34,
      "billboard_type": "Disabled"
    },
    {
      "name": "S_HairBR1",
      "transform": [
        [
          -0.936794,
          -0.345526,
          -0.0550405,
          0.0
        ],
        [
          0.349882,
          -0.92513,
          -0.147368,
          0.0
        ],
        [
          0.0,
          -0.157311,
          0.987549,
          0.0
        ],
        [
          1.8799,
          -0.538669,
          -1.0,
          1.0
        ]
      ],
      "parent_index": 6,
      "billboard_type": "Disabled"
    },
    {
      "name": "S_HairBR2",
      "transform": [
        [
          0.999581,
          -0.00804484,
          -0.0277995,
          0.0
        ],
        [
          0.00128169,
          0.97195,
          -0.235185,
          0.0
        ],
        [
          0.0289118,
          0.235051,
          0.971553,
          0.0
        ],
        [
          3.00737,
          0.0,
          0.0,
          1.0
        ]
      ],
      "parent_index": 36,
      "billboard_type": "Disabled"
    },
    {
      "name": "S_HairBR3",
      "transform": [
        [
          0.999312,
          -0.0176352,
          0.0326213,
          0.0
        ],
        [
          0.0145212,
          0.995528,
          0.0933486,
          0.0
        ],
        [
          -0.0341216,
          -0.0928107,
          0.995099,
          0.0
        ],
        [
          3.86307,
          0.0,
          0.0,
          1.0
        ]
      ],
      "parent_index": 37,
      "billboard_type": "Disabled"
    },
    {
      "name": "S_HairBR4",
      "transform": [
        [
          0.979876,
          -0.19127,
          -0.0570936,
          0.0
        ],
        [
          0.197875,
          0.968405,
          0.151778,
          0.0
        ],
        [
          0.0262592,
          -0.160021,
          0.986764,
          0.0
        ],
        [
          4.23275,
          0.0,
          0.0,
          1.0
        ]
      ],
      "parent_index": 38,
      "billboard_type": "Disabled"
    },
    {
      "name": "S_HairBR5_null",
      "transform": [
        [
          0.999614,
          0.00044133,
          -0.0277631,
          0.0
        ],
        [
          0.00281764,
          0.9931,
          0.117236,
          0.0
        ],
        [
          0.0276233,
          -0.117269,
          0.992716,
          0.0
        ],
        [
          5.33524,
          0.0,
          0.0,
          1.0
        ]
      ],
      "parent_index": 39,
      "billboard_type": "Disabled"
    },
    {
      "name": "S_HairL1",
      "transform": [
        [
          -1.0,
          0.0,
          0.0,
          0.0
        ],
        [
          0.0,
          0.0,
          1.0,
          0.0
        ],
        [
          0.0,
          1.0,
          0.0,
          0.0
        ],
        [
          1.57961,
          0.728966,
          0.932467,
          1.0
        ]
      ],
      "parent_index": 6,
      "billboard_type": "Disabled"
    },
    {
      "name": "S_HairL2_null",
      "transform": [
        [
          0.0,
          1.0,
          0.0,
          0.0
        ],
        [
          -1.0,
          0.0,
          0.0,
          0.0
        ],
        [
          0.0,
          0.0,
          1.0,
          0.0
        ],
        [
          2.39614,
          0.0250015,
          -0.00476929,
          1.0
        ]
      ],
      "parent_index": 41,
      "billboard_type": "Disabled"
    },
    {
      "name": "S_HairR1",
      "transform": [
        [
          -1.0,
          0.0,
          0.0,
          0.0
        ],
        [
          0.0,
          0.0,
          -1.0,
          0.0
        ],
        [
          0.0,
          -1.0,
          0.0,
          0.0
        ],
        [
          1.57961,
          0.728966,
          -0.932467,
          1.0
        ]
      ],
      "parent_index": 6,
      "billboard_type": "Disabled"
    },
    {
      "name": "S_HairR2_null",
      "transform": [
        [
          0.0,
          1.0,
          0.0,
          0.0
        ],
        [
          -1.0,
          0.0,
          0.0,
          0.0
        ],
        [
          0.0,
          0.0,
          1.0,
          0.0
        ],
        [
          2.39614,
          -0.0250015,
          0.00476929,
          1.0
        ]
      ],
      "parent_index": 43,
      "billboard_type": "Disabled"
    },
    {
      "name": "S_String1",
      "transform": [
        [
          0.999484,
          -0.0321297,
          0.0,
          0.0
        ],
        [
          0.0,
          0.0,
          -1.0,
          0.0
        ],
        [
          0.0321297,
          0.999484,
          0.0,
          0.0
        ],
        [
          2.84635,
          -0.0275825,
          -0.482507,
          1.0
        ]
      ],
      "parent_index": 14,
      "billboard_type": "Disabled"
    },
    {
      "name": "S_String2",
      "transform": [
        [
          1.0,
          0.0,
          0.0,
          0.0
        ],
        [
          0.0,
          1.0,
          0.0,
          0.0
        ],
        [
          0.0,
          0.0,
          1.0,
          0.0
        ],
        [
          1.76795,
          0.0,
          0.0,
          1.0
        ]
      ],
      "parent_index": 45,
      "billboard_type": "Disabled"
    },
    {
      "name": "S_String3_null",
      "transform": [
        [
          1.0,
          0.0,
          0.0,
          0.0
        ],
        [
          0.0,
          1.0,
          0.0,
          0.0
        ],
        [
          0.0,
          0.0,
          1.0,
          0.0
        ],
        [
          1.89274,
          0.0,
          -0.00476929,
          1.0
        ]
      ],
      "parent_index": 46,
      "billboard_type": "Disabled"
    },
    {
      "name": "S_SkirtF1",
      "transform": [
        [
          -0.958946,
          0.28359,
          0.0,
          0.0
        ],
        [
          0.28359,
          0.958946,
          0.0,
          0.0
        ],
        [
          0.0,
          0.0,
          -1.0,
          0.0
        ],
        [
          1.93672,
          0.910163,
          0.0,
          1.0
        ]
      ],
      "parent_index": 2,
      "billboard_type": "Disabled"
    },
    {
      "name": "S_SkirtF2",
      "transform": [
        [
          0.998565,
          0.0535496,
          0.0,
          0.0
        ],
        [
          -0.0535496,
          0.998565,
          0.0,
          0.0
        ],
        [
          0.0,
          0.0,
          1.0,
          0.0
        ],
        [
          3.54962,
          0.0,
          0.0,
          1.0
        ]
      ],
      "parent_index": 48,
      "billboard_type": "Disabled"
    },
    {
      "name": "S_SkirtF3",
      "transform": [
        [
          0.990354,
          0.138562,
          0.0,
          0.0
        ],
        [
          -0.138562,
          0.990354,
          0.0,
          0.0
        ],
        [
          0.0,
          0.0,
          1.0,
          0.0
        ],
        [
          3.11423,
          0.0,
          0.0,
          1.0
        ]
      ],
      "parent_index": 49,
      "billboard_type": "Disabled"
    },
    {
      "name": "S_SkirtF4_null",
      "transform": [
        [
          0.999911,
          -0.0133554,
          0.0,
          0.0
        ],
        [
          0.0133554,
          0.999911,
          0.0,
          0.0
        ],
        [
          0.0,
          0.0,
          1.0,
          0.0
        ],
        [
          3.55836,
          0.0,
          0.0,
          1.0
        ]
      ],
      "parent_index": 50,
      "billboard_type": "Disabled"
    },
    {
      "name": "S_SkirtFL1",
      "transform": [
        [
          -0.961394,
          0.262041,
          0.0839974,
          0.0
        ],
        [
          0.269426,
          0.834309,
          0.480976,
          0.0
        ],
        [
          0.0559559,
          0.485039,
          -0.872701,
          0.0
        ],
        [
          1.88677,
          0.608244,
          1.16887,
          1.0
        ]
      ],
      "parent_index": 2,
      "billboard_type": "Disabled"
    },
    {
      "name": "S_SkirtFL2",
      "transform": [
        [
          0.995417,
          0.0829048,
          0.0476656,
          0.0
        ],
        [
          -0.0915499,
          0.970179,
          0.224434,
          0.0
        ],
        [
          -0.0276375,
          -0.227769,
          0.973323,
          0.0
        ],
        [
          3.63589,
          0.0,
          0.0,
          1.0
        ]
      ],
      "parent_index": 52,
      "billboard_type": "Disabled"
    },
    {
      "name": "S_SkirtFL3",
      "transform": [
        [
          1.0,
          0.0,
          0.0,
          0.0
        ],
        [
          0.0,
          1.0,
          0.0,
          0.0
        ],
        [
          0.0,
          0.0,
          1.0,
          0.0
        ],
        [
          3.1,
          0.0,
          0.0,
          1.0
        ]
      ],
      "parent_index": 53,
      "billboard_type": "Disabled"
    },
    {
      "name": "S_SkirtFL4_null",
      "transform": [
        [
          0.999957,
          -0.00916287,
          -0.00121318,
          0.0
        ],
        [
          0.00915545,
          0.99994,
          -0.00598136,
          0.0
        ],
        [
          0.00126792,
          0.00597,
          0.999981,
          0.0
        ],
        [
          3.48247,
          0.0,
          0.0,
          1.0
        ]
      ],
      "parent_index": 54,
      "billboard_type": "Disabled"
    },
    {
      "name": "S_SkirtFR1",
      "transform": [
        [
          -0.961394,
          0.262041,
          -0.0839974,
          0.0
        ],
        [
          0.269426,
          0.834309,
          -0.480976,
          0.0
        ],
        [
          -0.0559559,
          -0.485039,
          -0.872701,
          0.0
        ],
        [
          1.88677,
          0.608244,
          -1.16887,
          1.0
        ]
      ],
      "parent_index": 2,
      "billboard_type": "Disabled"
    },
    {
      "name": "S_SkirtFR2",
      "transform": [
        [
          0.995417,
          0.0829048,
          -0.0476656,
          0.0
        ],
        [
          -0.0915499,
          0.970179,
          -0.224434,
          0.0
        ],
        [
          0.0276375,
          0.227769,
          0.973323,
          0.0
        ],
        [
          3.63589,
          0.0,
          0.0,
          1.0
        ]
      ],
      "parent_index": 56,
      "billboard_type": "Disabled"
    },
    {
      "name": "S_SkirtFR3",
      "transform": [
        [
          1.0,
          0.0,
          0.0,
          0.0
        ],
        [
          0.0,
          1.0,
          0.0,
          0.0
        ],
        [
          0.0,
          0.0,
          1.0,
          0.0
        ],
        [
          3.1,
          0.0,
          0.0,
          1.0
        ]
      ],
      "parent_index": 57,
      "billboard_type": "Disabled"
    },
    {
      "name": "S_SkirtFR4_null",
      "transform": [
        [
          0.999957,
          -0.00916287,
          0.00121318,
          0.0
        ],
        [
          0.00915545,
          0.99994,
          0.00598136,
          0.0
        ],
        [
          -0.00126792,
          -0.00597,
          0.999981,
          0.0
        ],
        [
          3.48247,
          0.0,
          0.0,
          1.0
        ]
      ],
      "parent_index": 58,
      "billboard_type": "Disabled"
    },
    {
      "name": "S_SkirtL1",
      "transform": [
        [
          -0.963672,
          0.173883,
          0.202732,
          0.0
        ],
        [
          0.20296,
          -0.0166559,
          0.979045,
          0.0
        ],
        [
          0.173616,
          0.984625,
          -0.0192405,
          0.0
        ],
        [
          1.7247,
          -0.2573,
          1.47557,
          1.0
        ]
      ],
      "parent_index": 2,
      "billboard_type": "Disabled"
    },
    {
      "name": "S_SkirtL2",
      "transform": [
        [
          0.999999,
          -0.00146178,
          -0.000215258,
          0.0
        ],
        [
          0.00146156,
          0.999998,
          -0.00104725,
          0.0
        ],
        [
          0.000216789,
          0.00104693,
          0.999999,
          0.0
        ],
        [
          3.60413,
          0.0,
          0.0,
          1.0
        ]
      ],
      "parent_index": 60,
      "billboard_type": "Disabled"
    },
    {
      "name": "S_SkirtL3",
      "transform": [
        [
          1.0,
          0.0,
          0.0,
          0.0
        ],
        [
          0.0,
          1.0,
          0.0,
          0.0
        ],
        [
          0.0,
          0.0,
          1.0,
          0.0
        ],
        [
          3.1,
          0.0,
          0.0,
          1.0
        ]
      ],
      "parent_index": 61,
      "billboard_type": "Disabled"
    },
    {
      "name": "S_SkirtL4_null",
      "transform": [
        [
          0.999993,
          0.000359482,
          -0.00366561,
          0.0
        ],
        [
          -0.000424669,
          0.999842,
          -0.017798,
          0.0
        ],
        [
          0.00365863,
          0.0177995,
          0.999835,
          0.0
        ],
        [
          3.59459,
          0.0,
          0.0,
          1.0
        ]
      ],
      "parent_index": 62,
      "billboard_type": "Disabled"
    },
    {
      "name": "S_SkirtR1",
      "transform": [
        [
          -0.963672,
          0.173883,
          -0.202732,
          0.0
        ],
        [
          0.20296,
          -0.0166559,
          -0.979045,
          0.0
        ],
        [
          -0.173616,
          -0.984625,
          -0.0192405,
          0.0
        ],
        [
          1.7247,
          -0.2573,
          -1.47557,
          1.0
        ]
      ],
      "parent_index": 2,
      "billboard_type": "Disabled"
    },
    {
      "name": "S_SkirtR2",
      "transform": [
        [
          0.999999,
          -0.00146178,
          -0.000215258,
          0.0
        ],
        [
          0.00146156,
          0.999998,
          -0.00104725,
          0.0
        ],
        [
          0.000216789,
          0.00104693,
          0.999999,
          0.0
        ],
        [
          3.60413,
          0.0,
          0.0,
          1.0
        ]
      ],
      "parent_index": 64,
      "billboard_type": "Disabled"
    },
    {
      "name": "S_SkirtR3",
      "transform": [
        [
          1.0,
          0.0,
          0.0,
          0.0
        ],
        [
          0.0,
          1.0,
          0.0,
          0.0
        ],
        [
          0.0,
          0.0,
          1.0,
          0.0
        ],
        [
          3.1,
          0.0,
          0.0,
          1.0
        ]
      ],
      "parent_index": 65,
      "billboard_type": "Disabled"
    },
    {
      "name": "S_SkirtR4_null",
      "transform": [
        [
          0.999993,
          0.000359482,
          -0.00366561,
          0.0
        ],
        [
          -0.000424669,
          0.999842,
          -0.017798,
          0.0
        ],
        [
          0.00365863,
          0.0177995,
          0.999835,
          0.0
        ],
        [
          3.59459,
          0.0,
          0.0,
          1.0
        ]
      ],
      "parent_index": 66,
      "billboard_type": "Disabled"
    },
    {
      "name": "S_SkirtBL1",
      "transform": [
        [
          -0.969524,
          -0.0651251,
          0.236181,
          0.0
        ],
        [
          0.191025,
          -0.804562,
          0.562307,
          0.0
        ],
        [
          0.153402,
          0.590287,
          0.792483,
          0.0
        ],
        [
          1.61922,
          -0.914014,
          0.763352,
          1.0
        ]
      ],
      "parent_index": 2,
      "billboard_type": "Disabled"
    },
    {
      "name": "S_SkirtBL2",
      "transform": [
        [
          0.998111,
          0.0525132,
          -0.0318795,
          0.0
        ],
        [
          -0.0548651,
          0.99544,
          -0.0780384,
          0.0
        ],
        [
          0.027636,
          0.0796401,
          0.996441,
          0.0
        ],
        [
          3.67399,
          0.0,
          0.0,
          1.0
        ]
      ],
      "parent_index": 68,
      "billboard_type": "Disabled"
    },
    {
      "name": "S_SkirtBL3",
      "transform": [
        [
          1.0,
          0.0,
          0.0,
          0.0
        ],
        [
          0.0,
          1.0,
          0.0,
          0.0
        ],
        [
          0.0,
          0.0,
          1.0,
          0.0
        ],
        [
          3.1,
          0.0,
          0.0,
          1.0
        ]
      ],
      "parent_index": 69,
      "billboard_type": "Disabled"
    },
    {
      "name": "S_SkirtBL4_null",
      "transform": [
        [
          0.999862,
          -0.0164904,
          -0.00189619,
          0.0
        ],
        [
          0.016481,
          0.999852,
          -0.00486953,
          0.0
        ],
        [
          0.00197621,
          0.00483761,
          0.999986,
          0.0
        ],
        [
          3.3386,
          0.0,
          0.0,
          1.0
        ]
      ],
      "parent_index": 70,
      "billboard_type": "Disabled"
    },
    {
      "name": "S_SkirtB1",
      "transform": [
        [
          -0.981942,
          -0.189184,
          0.0,
          0.0
        ],
        [
          0.189184,
          -0.981942,
          0.0,
          0.0
        ],
        [
          0.0,
          0.0,
          1.0,
          0.0
        ],
        [
          1.57423,
          -1.11648,
          0.0,
          1.0
        ]
      ],
      "parent_index": 2,
      "billboard_type": "Disabled"
    },
    {
      "name": "S_SkirtB2",
      "transform": [
        [
          0.999953,
          0.00966904,
          0.0,
          0.0
        ],
        [
          -0.00966904,
          0.999953,
          0.0,
          0.0
        ],
        [
          0.0,
          0.0,
          1.0,
          0.0
        ],
        [
          3.71527,
          0.0,
          0.0,
          1.0
        ]
      ],
      "parent_index": 72,
      "billboard_type": "Disabled"
    },
    {
      "name": "S_SkirtB3",
      "transform": [
        [
          0.9963,
          0.0859389,
          0.0,
          0.0
        ],
        [
          -0.0859389,
          0.9963,
          0.0,
          0.0
        ],
        [
          0.0,
          0.0,
          1.0,
          0.0
        ],
        [
          3.1,
          0.0,
          0.0,
          1.0
        ]
      ],
      "parent_index": 73,
      "billboard_type": "Disabled"
    },
    {
      "name": "S_SkirtB4_null",
      "transform": [
        [
          0.999573,
          0.0292104,
          0.0,
          0.0
        ],
        [
          -0.0292104,
          0.999573,
          0.0,
          0.0
        ],
        [
          0.0,
          0.0,
          1.0,
          0.0
        ],
        [
          3.2128,
          0.0,
          0.0,
          1.0
        ]
      ],
      "parent_index": 74,
      "billboard_type": "Disabled"
    },
    {
      "name": "S_SkirtBR1",
      "transform": [
        [
          -0.969524,
          -0.0651251,
          -0.236181,
          0.0
        ],
        [
          0.191025,
          -0.804562,
          -0.562307,
          0.0
        ],
        [
          -0.153402,
          -0.590287,
          0.792483,
          0.0
        ],
        [
          1.61922,
          -0.914014,
          -0.763352,
          1.0
        ]
      ],
      "parent_index": 2,
      "billboard_type": "Disabled"
    },
    {
      "name": "S_SkirtBR2",
      "transform": [
        [
          0.998111,
          0.0525132,
          0.0318795,
          0.0
        ],
        [
          -0.0548651,
          0.99544,
          0.0780384,
          0.0
        ],
        [
          -0.027636,
          -0.0796401,
          0.996441,
          0.0
        ],
        [
          3.67399,
          0.0,
          0.0,
          1.0
        ]
      ],
      "parent_index": 76,
      "billboard_type": "Disabled"
    },
    {
      "name": "S_SkirtBR3",
      "transform": [
        [
          1.0,
          0.0,
          0.0,
          0.0
        ],
        [
          0.0,
          1.0,
          0.0,
          0.0
        ],
        [
          0.0,
          0.0,
          1.0,
          0.0
        ],
        [
          3.1,
          0.0,
          0.0,
          1.0
        ]
      ],
      "parent_index": 77,
      "billboard_type": "Disabled"
    },
    {
      "name": "S_SkirtBR4_null",
      "transform": [
        [
          0.999862,
          -0.0164904,
          0.00189619,
          0.0
        ],
        [
          0.016481,
          0.999852,
          0.00486953,
          0.0
        ],
        [
          -0.00197621,
          -0.00483761,
          0.999986,
          0.0
        ],
        [
          3.3386,
          0.0,
          0.0,
          1.0
        ]
      ],
      "parent_index": 78,
      "billboard_type": "Disabled"
    },
    {
      "name": "Mouth_group",
      "transform": [
        [
          1.0,
          0.0,
          0.0,
          0.0
        ],
        [
          0.0,
          1.0,
          0.0,
          0.0
        ],
        [
          0.0,
          0.0,
          1.0,
          0.0
        ],
        [
          0.0,
          0.0,
          0.0,
          1.0
        ]
      ],
      "parent_index": 7,
      "billboard_type": "Disabled"
    },
    {
      "name": "UplipL1",
      "transform": [
        [
          1.0,
          0.0,
          0.0,
          0.0
        ],
        [
          0.0,
          0.999468,
          0.0326214,
          0.0
        ],
        [
          0.0,
          -0.0326214,
          0.999468,
          0.0
        ],
        [
          0.0,
          0.0,
          0.0,
          1.0
        ]
      ],
      "parent_index": 129,
      "billboard_type": "Disabled"
    },
    {
      "name": "UplipR1",
      "transform": [
        [
          1.0,
          0.0,
          0.0,
          0.0
        ],
        [
          0.0,
          0.999468,
          0.0326214,
          0.0
        ],
        [
          0.0,
          -0.0326214,
          0.999468,
          0.0
        ],
        [
          0.0,
          0.0,
          0.0,
          1.0
        ]
      ],
      "parent_index": 130,
      "billboard_type": "Disabled"
    },
    {
