{
  "major_version": 1,
  "minor_version": 0,
  "bones": [
    {
      "name": "Trans",
      "transform": [
        [
          1.0,
          0.0,
          0.0,
          0.0
        ],
        [
          0.0,
          1.0,
          0.0,
          0.0
        ],
        [
          0.0,
          0.0,
          1.0,
          0.0
        ],
        [
          0.0,
          0.0,
          0.0,
          1.0
        ]
      ],
      "parent_index": null,
      "billboard_type": "Disabled"
    },
    {
      "name": "Rot",
      "transform": [
        [
          1.0,
          0.0,
          0.0,
          0.0
        ],
        [
          0.0,
          1.0,
          0.0,
          0.0
        ],
        [
          0.0,
          0.0,
          1.0,
          0.0
        ],
        [
          0.0,
          3.34899,
          -3.6558,
          1.0
        ]
      ],
      "parent_index": 0,
      "billboard_type": "Disabled"
    },
    {
      "name": "Hip",
      "transform": [
        [
          0.0,
          0.112437,
          0.993659,
          0.0
        ],
        [
          0.0,
          -0.993659,
          0.112437,
          0.0
        ],
        [
          1.0,
          0.0,
          0.0,
          0.0
        ],
        [
          0.0,
          0.0,
          0.0,
          1.0
        ]
      ],
      "parent_index": 1,
      "billboard_type": "Disabled"
    },
    {
      "name": "Waist",
      "transform": [
        [
          0.999761,
          0.021859,
          0.0,
          0.0
        ],
        [
          -0.021859,
          0.999761,
          0.0,
          0.0
        ],
        [
          0.0,
          0.0,
          1.0,
          0.0
        ],
        [
          1.34167,
          0.0,
          0.0,
          1.0
        ]
      ],
      "parent_index": 2,
      "billboard_type": "Disabled"
    },
    {
      "name": "Bust",
      "transform": [
        [
          0.994896,
          -0.100907,
          0.0000014668,
          0.0
        ],
        [
          0.100907,
          0.994896,
          0.0,
          0.0
        ],
        [
          -0.0000014668,
          0.0,
          1.0,
          0.0
        ],
        [
          1.82706,
          0.0,
          0.0,
          1.0
        ]
      ],
      "parent_index": 3,
      "billboard_type": "Disabled"
    },
    {
      "name": "Neck",
      "transform": [
        [
          0.999642,
          0.0267419,
          -0.00000146826,
          0.0
        ],
        [
          -0.0267419,
          0.999642,
          0.0,
          0.0
        ],
        [
          0.00000146774,
          0.0,
          1.0,
          0.0
        ],
        [
          0.852194,
          0.0,
          0.0,
          1.0
        ]
      ],
      "parent_index": 4,
      "billboard_type": "Disabled"
    },
    {
      "name": "Head",
      "transform": [
        [
          0.164393,
          -0.986395,
          0.0,
          0.0
        ],
        [
          0.986395,
          0.164393,
          0.0,
          0.0
        ],
        [
          0.0,
          0.0,
          1.0,
          0.0
        ],
        [
          0.608276,
          0.0,
          0.0,
          1.0
        ]
      ],
      "parent_index": 5,
      "billboard_type": "Disabled"
    },
    {
      "name": "Have",
      "transform": [
        [
          0.0,
          0.0,
          1.0,
          0.0
        ],
        [
          1.0,
          0.0,
          0.0,
          0.0
        ],
        [
          0.0,
          1.0,
          0.0,
          0.0
        ],
        [
          -0.807114,
          3.46533,
          0.0,
          1.0
        ]
      ],
      "parent_index": 6,
      "billboard_type": "Disabled"
    },
    {
      "name": "ClavicleC",
      "transform": [
        [
          0.190718,
          -0.981645,
          0.0,
          0.0
        ],
        [
          0.981645,
          0.190718,
          -0.00000145403,
          0.0
        ],
        [
          0.0000014668,
          0.0,
          1.0,
          0.0
        ],
        [
          0.103706,
          -0.575955,
          0.0,
          1.0
        ]
      ],
      "parent_index": 4,
      "billboard_type": "Disabled"
    },
    {
      "name": "ClavicleL",
      "transform": [
        [
          -0.900896,
          0.195719,
          0.387403,
          0.0
        ],
        [
          0.212297,
          0.977205,
          0.0,
          0.0
        ],
        [
          -0.378572,
          0.0822445,
          -0.92191,
          0.0
        ],
        [
          0.0,
          0.0,
          2.44915,
          1.0
        ]
      ],
      "parent_index": 8,
      "billboard_type": "Disabled"
    },
    {
      "name": "ShoulderL",
      "transform": [
        [
          0.904922,
          -0.126003,
          0.406497,
          0.0
        ],
        [
          0.220686,
          0.955642,
          -0.195056,
          0.0
        ],
        [
          -0.363888,
          0.266219,
          0.892588,
          0.0
        ],
        [
          1.27323,
          0.0,
          0.0,
          1.0
        ]
      ],
      "parent_index": 9,
      "billboard_type": "Disabled"
    },
    {
      "name": "ArmL",
      "transform": [
        [
          0.919986,
          0.391952,
          0.0,
          0.0
        ],
        [
          -0.391952,
          0.919986,
          0.0,
          0.0
        ],
        [
          0.0,
          0.0,
          1.0,
          0.0
        ],
        [
          1.65,
          0.0,
          0.0,
          1.0
        ]
      ],
      "parent_index": 10,
      "billboard_type": "Disabled"
    },
    {
      "name": "HandL",
      "transform": [
        [
          0.880849,
          -0.473397,
          0.0,
          0.0
        ],
        [
          0.473397,
          0.880849,
          0.0,
          0.0
        ],
        [
          0.0,
          0.0,
          1.0,
          0.0
        ],
        [
          1.11641,
          0.0,
          0.0,
          1.0
        ]
      ],
      "parent_index": 11,
      "billboard_type": "Disabled"
    },
    {
      "name": "ClavicleR",
      "transform": [
        [
          -0.900896,
          0.195719,
          -0.387403,
          0.0
        ],
        [
          0.212297,
          0.977205,
          0.0,
          0.0
        ],
        [
          0.378572,
          -0.0822445,
          -0.92191,
          0.0
        ],
        [
          0.0,
          0.0,
          -2.44915,
          1.0
        ]
      ],
      "parent_index": 8,
      "billboard_type": "Disabled"
    },
    {
      "name": "ShoulderR",
      "transform": [
        [
          0.904922,
          -0.126003,
          -0.406497,
          0.0
        ],
        [
          0.220686,
          0.955642,
          0.195056,
          0.0
        ],
        [
          0.363888,
          -0.266219,
          0.892588,
          0.0
        ],
        [
          1.27323,
          0.0,
          0.0,
          1.0
        ]
      ],
      "parent_index": 13,
      "billboard_type": "Disabled"
    },
    {
      "name": "ArmR",
      "transform": [
        [
          0.919986,
          0.391952,
          0.0,
          0.0
        ],
        [
          -0.391952,
          0.919986,
          0.0,
          0.0
        ],
        [
          0.0,
          0.0,
          1.0,
          0.0
        ],
        [
          1.65,
          0.0,
          0.0,
          1.0
        ]
      ],
      "parent_index": 14,
      "billboard_type": "Disabled"
    },
    {
      "name": "HandR",
      "transform": [
        [
          0.880849,
          -0.473397,
          0.0,
          0.0
        ],
        [
          0.473397,
          0.880849,
          0.0,
          0.0
        ],
        [
          0.0,
          0.0,
          1.0,
          0.0
        ],
        [
          1.116,
          0.0,
          0.0,
          1.0
        ]
      ],
      "parent_index": 15,
      "billboard_type": "Disabled"
    },
    {
      "name": "Grass",
      "transform": [
        [
          -0.118352,
          -0.992972,
          0.0,
          0.0
        ],
        [
          0.992972,
          -0.118352,
          0.0,
          0.0
        ],
        [
          0.0,
          0.0,
          1.0,
          0.0
        ],
        [
          0.0591802,
          -2.20959,
          0.0,
          1.0
        ]
      ],
      "parent_index": 3,
      "billboard_type": "Disabled"
    },
    {
      "name": "LeafF1",
      "transform": [
        [
          0.626182,
          0.779677,
          0.0,
          0.0
        ],
        [
          -0.779591,
          0.626113,
          -0.0148348,
          0.0
        ],
        [
          -0.0115663,
          0.00928926,
          0.99989,
          0.0
        ],
        [
          0.0545724,
          1.03142,
          0.0,
          1.0
        ]
      ],
      "parent_index": 17,
      "billboard_type": "Disabled"
    },
    {
      "name": "LeafF2",
      "transform": [
        [
          1.0,
          0.0,
          0.0,
          0.0
        ],
        [
          0.0,
          1.0,
          0.0,
          0.0
        ],
        [
          0.0,
          0.0,
          1.0,
          0.0
        ],
        [
          3.07842,
          0.0,
          0.0,
          1.0
        ]
      ],
      "parent_index": 18,
      "billboard_type": "Disabled"
    },
    {
      "name": "LeafB1",
      "transform": [
        [
          0.584278,
          -0.811554,
          0.0,
          0.0
        ],
        [
          -0.811554,
          -0.584278,
          0.0,
          0.0
        ],
        [
          0.0,
          0.0,
          -1.0,
          0.0
        ],
        [
          0.265011,
          -1.07615,
          0.0,
          1.0
        ]
      ],
      "parent_index": 17,
      "billboard_type": "Disabled"
    },
    {
      "name": "LeafB2",
      "transform": [
        [
          1.0,
          0.0,
          0.0,
          0.0
        ],
        [
          0.0,
          1.0,
          0.0,
          0.0
        ],
        [
          0.0,
          0.0,
          1.0,
          0.0
        ],
        [
          2.48334,
          0.0,
          0.0,
          1.0
        ]
      ],
      "parent_index": 20,
      "billboard_type": "Disabled"
    },
    {
      "name": "LeafL1",
      "transform": [
        [
          0.52885,
          -0.0043752,
          0.848704,
          0.0
        ],
        [
          -0.835627,
          -0.177628,
          0.519785,
          0.0
        ],
        [
          0.148479,
          -0.984088,
          -0.0975944,
          0.0
        ],
        [
          0.160618,
          0.0215498,
          0.847231,
          1.0
        ]
      ],
      "parent_index": 17,
      "billboard_type": "Disabled"
    },
    {
      "name": "LeafL2",
      "transform": [
        [
          1.0,
          0.0,
          0.0,
          0.0
        ],
        [
          0.0,
          1.0,
          0.0,
          0.0
        ],
        [
          0.0,
          0.0,
          1.0,
          0.0
        ],
        [
          3.32289,
          0.0,
          0.0,
          1.0
        ]
      ],
      "parent_index": 22,
      "billboard_type": "Disabled"
    },
    {
      "name": "LeafR1",
      "transform": [
        [
          0.52885,
          -0.0043752,
          -0.848704,
          0.0
        ],
        [
          -0.835627,
          -0.177628,
          -0.519785,
          0.0
        ],
        [
          -0.148479,
          0.984088,
          -0.0975944,
          0.0
        ],
        [
          0.160616,
          0.021548,
          -0.847231,
          1.0
        ]
      ],
      "parent_index": 17,
      "billboard_type": "Disabled"
    },
    {
      "name": "LeafR2",
      "transform": [
        [
          1.0,
          0.0,
          0.0,
          0.0
        ],
        [
          0.0,
          1.0,
          0.0,
          0.0
        ],
        [
          0.0,
          0.0,
          1.0,
          0.0
        ],
        [
          3.3229,
          0.0,
          0.0,
          1.0
        ]
      ],
      "parent_index": 24,
      "billboard_type": "Disabled"
    },
    {
      "name": "VineL1",
      "transform": [
        [
          0.0,
          0.0,
          1.0,
          0.0
        ],
        [
          -0.207912,
          0.978148,
          0.0,
          0.0
        ],
        [
          -0.978148,
          -0.207912,
          0.0,
          0.0
        ],
        [
          0.16502,
          0.260817,
          0.983738,
          1.0
        ]
      ],
      "parent_index": 17,
      "billboard_type": "Disabled"
    },
    {
      "name": "VineL2",
      "transform": [
        [
          1.0,
          0.0,
          0.0,
          0.0
        ],
        [
          0.0,
          1.0,
          0.0,
          0.0
        ],
        [
          0.0,
          0.0,
          1.0,
          0.0
        ],
        [
          5.57312,
          0.0,
          0.0,
          1.0
        ]
      ],
      "parent_index": 26,
      "billboard_type": "Disabled"
    },
    {
      "name": "VineL3",
      "transform": [
        [
          1.0,
          0.0,
          0.0,
          0.0
        ],
        [
          0.0,
          1.0,
          0.0,
          0.0
        ],
        [
          0.0,
          0.0,
          1.0,
          0.0
        ],
        [
          5.63406,
          0.0,
          0.0,
          1.0
        ]
      ],
      "parent_index": 27,
      "billboard_type": "Disabled"
    },
    {
      "name": "VineL4",
      "transform": [
        [
          1.0,
          0.0,
          0.0,
          0.0
        ],
        [
          0.0,
          1.0,
          0.0,
          0.0
        ],
        [
          0.0,
          0.0,
          1.0,
          0.0
        ],
        [
          5.61999,
          0.0,
          0.0,
          1.0
        ]
      ],
      "parent_index": 28,
      "billboard_type": "Disabled"
    },
    {
      "name": "VineL5",
      "transform": [
        [
          1.0,
          0.0,
          0.0,
          0.0
        ],
        [
          0.0,
          1.0,
          0.0,
          0.0
        ],
        [
          0.0,
          0.0,
          1.0,
          0.0
        ],
        [
          5.61924,
          0.0,
          0.0,
          1.0
        ]
      ],
      "parent_index": 29,
      "billboard_type": "Disabled"
    },
    {
      "name": "VineR1",
      "transform": [
        [
          0.0,
          0.0,
          -1.0,
          0.0
        ],
        [
          -0.207912,
          0.978148,
          0.0,
          0.0
        ],
        [
          0.978148,
          0.207912,
          0.0,
          0.0
        ],
        [
          0.165016,
          0.260811,
          -0.983738,
          1.0
        ]
      ],
      "parent_index": 17,
      "billboard_type": "Disabled"
    },
    {
      "name": "VineR2",
      "transform": [
        [
          1.0,
          0.0,
          0.0,
          0.0
        ],
        [
          0.0,
          1.0,
          0.0,
          0.0
        ],
        [
          0.0,
          0.0,
          1.0,
          0.0
        ],
        [
          5.57312,
          0.0,
          0.0,
          1.0
        ]
      ],
      "parent_index": 31,
      "billboard_type": "Disabled"
    },
    {
      "name": "VineR3",
      "transform": [
        [
          1.0,
          0.0,
          0.0,
          0.0
        ],
        [
          0.0,
          1.0,
          0.0,
          0.0
        ],
        [
          0.0,
          0.0,
          1.0,
          0.0
        ],
        [
          5.63404,
          0.0,
          0.0,
          1.0
        ]
      ],
      "parent_index": 32,
      "billboard_type": "Disabled"
    },
    {
      "name": "VineR4",
      "transform": [
        [
          1.0,
          0.0,
          0.0,
          0.0
        ],
        [
          0.0,
          1.0,
          0.0,
          0.0
        ],
        [
          0.0,
          0.0,
          1.0,
          0.0
        ],
        [
          5.62,
          0.0,
          0.0,
          1.0
        ]
      ],
      "parent_index": 33,
      "billboard_type": "Disabled"
    },
    {
      "name": "VineR5",
      "transform": [
        [
          1.0,
          0.0,
          0.0,
          0.0
        ],
        [
          0.0,
          1.0,
          0.0,
          0.0
        ],
        [
          0.0,
          0.0,
          1.0,
          0.0
        ],
        [
          5.6192,
          0.0,
          0.0,
          1.0
        ]
      ],
      "parent_index": 34,
      "billboard_type": "Disabled"
    },
    {
      "name": "Flower",
      "transform": [
        [
          1.0,
          0.0,
          0.0,
          0.0
        ],
        [
          0.0,
          1.0,
          0.0,
          0.0
        ],
        [
          0.0,
          0.0,
          1.0,
          0.0
        ],
        [
          1.59496,
          0.011035,
          0.0,
          1.0
        ]
      ],
      "parent_index": 17,
      "billboard_type": "Disabled"
    },
    {
      "name": "FlowerF",
      "transform": [
        [
          1.0,
          0.0,
          0.0,
          0.0
        ],
        [
          0.0,
          1.0,
          0.0,
          0.0
        ],
        [
          0.0,
          0.0,
          1.0,
          0.0
        ],
        [
          1.80566,
          1.94648,
          0.00362032,
          1.0
        ]
      ],
      "parent_index": 36,
      "billboard_type": "Disabled"
    },
    {
      "name": "FlowerR",
      "transform": [
        [
          1.0,
          0.0,
          0.0,
          0.0
        ],
        [
          0.0,
          -0.642788,
          -0.766044,
          0.0
        ],
        [
          0.0,
          0.766044,
          -0.642788,
          0.0
        ],
        [
          1.86589,
          -1.10033,
          -1.45911,
          1.0
        ]
      ],
      "parent_index": 36,
      "billboard_type": "Disabled"
    },
    {
      "name": "FlowerL",
      "transform": [
        [
          1.0,
          0.0,
          0.0,
          0.0
        ],
        [
          0.0,
          -0.642788,
          0.766044,
          0.0
        ],
        [
          0.0,
          -0.766044,
          -0.642788,
          0.0
        ],
        [
          1.86603,
          -1.10748,
          1.45137,
          1.0
        ]
      ],
      "parent_index": 36,
      "billboard_type": "Disabled"
    },
    {
      "name": "FlowerC",
      "transform": [
        [
          1.0,
          0.0,
          0.0,
          0.0
        ],
        [
          0.0,
          1.0,
          0.0,
          0.0
        ],
        [
          0.0,
          0.0,
          1.0,
          0.0
        ],
        [
          1.80566,
          0.0,
          0.0,
          1.0
        ]
      ],
      "parent_index": 36,
      "billboard_type": "Disabled"
    },
    {
      "name": "LegC",
      "transform": [
        [
          0.993659,
          0.112437,
          0.0,
          0.0
        ],
        [
          -0.112437,
          0.993659,
          0.0,
          0.0
        ],
        [
          0.0,
          0.0,
          1.0,
          0.0
        ],
        [
          -1.2413,
          -0.140459,
          0.0,
          1.0
        ]
      ],
      "parent_index": 2,
      "billboard_type": "Disabled"
    },
    {
      "name": "LegL",
      "transform": [
        [
          0.195574,
          0.973356,
          0.119704,
          0.0
        ],
        [
          -0.858726,
          0.228923,
          -0.458459,
          0.0
        ],
        [
          -0.473647,
          -0.0131301,
          0.880617,
          0.0
        ],
        [
          0.0,
          0.0,
          2.78365,
          1.0
        ]
      ],
      "parent_index": 41,
      "billboard_type": "Disabled"
    },
    {
      "name": "KneeL",
      "transform": [
        [
          0.880825,
          0.473443,
          0.0,
          0.0
        ],
        [
          -0.473443,
          0.880825,
          0.0,
          0.0
        ],
        [
          0.0,
          0.0,
          1.0,
          0.0
        ],
        [
          1.63668,
          0.0,
          0.0,
          1.0
        ]
      ],
      "parent_index": 42,
      "billboard_type": "Disabled"
    },
    {
      "name": "FootL",
      "transform": [
        [
          0.965738,
          -0.259184,
          -0.013142,
          0.0
        ],
        [
          0.259207,
          0.965822,
          0.0,
          0.0
        ],
        [
          0.0126928,
          -0.00340648,
          0.999914,
          0.0
        ],
        [
          1.3123,
          0.0,
          0.0,
          1.0
        ]
      ],
      "parent_index": 43,
      "billboard_type": "Disabled"
    },
    {
      "name": "ToeL",
      "transform": [
        [
          0.0,
          -1.0,
          0.0,
          0.0
        ],
        [
          1.0,
          0.0,
          0.0,
          0.0
        ],
        [
          0.0,
          0.0,
          1.0,
          0.0
        ],
        [
          0.296748,
          -0.356979,
          0.00389864,
          1.0
        ]
      ],
      "parent_index": 44,
      "billboard_type": "Disabled"
    },
    {
      "name": "LegR",
      "transform": [
        [
          0.195574,
          0.973356,
          -0.119704,
          0.0
        ],
        [
          -0.858726,
          0.228923,
          0.458459,
          0.0
        ],
        [
          0.473647,
          0.0131301,
          0.880617,
          0.0
        ],
        [
          0.0,
          0.0,
          -2.78365,
          1.0
        ]
      ],
      "parent_index": 41,
      "billboard_type": "Disabled"
    },
    {
      "name": "KneeR",
      "transform": [
        [
          0.880825,
          0.473443,
          0.0,
          0.0
        ],
        [
          -0.473443,
          0.880825,
          0.0,
          0.0
        ],
        [
          0.0,
          0.0,
          1.0,
          0.0
        ],
        [
          1.63668,
          0.0,
          0.0,
          1.0
        ]
      ],
      "parent_index": 46,
      "billboard_type": "Disabled"
    },
    {
      "name": "FootR",
      "transform": [
        [
          0.965738,
          -0.259184,
          -0.013142,
          0.0
        ],
        [
          0.259207,
          0.965822,
          0.0,
          0.0
        ],
        [
          0.0126928,
          -0.00340648,
          0.999914,
          0.0
        ],
        [
          1.3123,
          0.0,
          0.0,
          1.0
        ]
      ],
      "parent_index": 47,
      "billboard_type": "Disabled"
    },
    {
      "name": "ToeR",
      "transform": [
        [
          0.0,
          -1.0,
          0.0,
          0.0
        ],
        [
          1.0,
          0.0,
          0.0,
          0.0
        ],
        [
          0.0,
          0.0,
          1.0,
          0.0
        ],
        [
          0.297,
          -0.357,
          0.004,
          1.0
        ]
      ],
      "parent_index": 48,
      "billboard_type": "Disabled"
    },
    {
      "name": "Throw",
      "transform": [
        [
          1.0,
          0.0,
          0.0,
          0.0
        ],
        [
          0.0,
          1.0,
          0.0,
          0.0
        ],
        [
          0.0,
          0.0,
          1.0,
          0.0
        ],
        [
          0.0,
          -3.34899,
          3.6558,
          1.0
        ]
      ],
      "parent_index": 1,
      "billboard_type": "Disabled"
    },
    {
      "name": "Mouth",
      "transform": [
        [
          0.0,
          1.0,
          0.0,
          0.0
        ],
        [
          -1.0,
          0.0,
          0.0,
          0.0
        ],
        [
          0.0,
          0.0,
          1.0,
          0.0
        ],
        [
          0.472562,
          0.259392,
          0.0,
          1.0
        ]
      ],
      "parent_index": 6,
      "billboard_type": "Disabled"
    },
    {
      "name": "FingerL51",
      "transform": [
        [
          1.0,
          0.0,
          0.0,
          0.0
        ],
        [
          0.0,
          1.0,
          0.0,
          0.0
        ],
        [
          0.0,
          0.0,
          1.0,
          0.0
        ],
        [
          0.234766,
          0.658714,
          0.0,
          1.0
        ]
      ],
      "parent_index": 12,
      "billboard_type": "Disabled"
    },
    {
      "name": "FingerR51",
      "transform": [
        [
          1.0,
          0.0,
          0.0,
          0.0
        ],
        [
          0.0,
          1.0,
          0.0,
          0.0
        ],
        [
          0.0,
          0.0,
          1.0,
          0.0
        ],
        [
          0.235,
          0.659,
          0.0,
          1.0
        ]
      ],
      "parent_index": 16,
      "billboard_type": "Disabled"
    }
  ]
}