{
  "major_version": 1,
  "minor_version": 0,
  "bones": [
    {
      "name": "Trans",
      "transform": [
        [
          1.0,
          0.0,
          0.0,
          0.0
        ],
        [
          0.0,
          1.0,
          0.0,
          0.0
        ],
        [
          0.0,
          0.0,
          1.0,
          0.0
        ],
        [
          0.0,
          0.0,
          0.0,
          1.0
        ]
      ],
      "parent_index": null,
      "billboard_type": "Disabled"
    },
    {
      "name": "Rot",
      "transform": [
        [
          1.0,
          0.0,
          0.0,
          0.0
        ],
        [
          0.0,
          1.0,
          0.0,
          0.0
        ],
        [
          0.0,
          0.0,
          1.0,
          0.0
        ],
        [
          0.0,
          5.22,
          0.0,
          1.0
        ]
      ],
      "parent_index": 0,
      "billboard_type": "Disabled"
    },
    {
      "name": "Hip",
      "transform": [
        [
          0.0,
          1.0,
          0.0,
          0.0
        ],
        [
          0.0,
          0.0,
          1.0,
          0.0
        ],
        [
          1.0,
          0.0,
          0.0,
          0.0
        ],
        [
          0.0,
          -1.613,
          -0.878,
          1.0
        ]
      ],
      "parent_index": 1,
      "billboard_type": "Disabled"
    },
    {
      "name": "Waist",
      "transform": [
        [
          0.996713,
          0.0810166,
          0.0,
          0.0
        ],
        [
          -0.0810166,
          0.996713,
          0.0,
          0.0
        ],
        [
          0.0,
          0.0,
          1.0,
          0.0
        ],
        [
          0.0,
          0.0,
          0.0,
          1.0
        ]
      ],
      "parent_index": 2,
      "billboard_type": "Disabled"
    },
    {
      "name": "Bust",
      "transform": [
        [
          0.833195,
          0.552979,
          0.0,
          0.0
        ],
        [
          -0.552979,
          0.833195,
          0.0,
          0.0
        ],
        [
          0.0,
          0.0,
          1.0,
          0.0
        ],
        [
          2.26567,
          0.0,
          0.0,
          1.0
        ]
      ],
      "parent_index": 3,
      "billboard_type": "Disabled"
    },
    {
      "name": "Neck",
      "transform": [
        [
          1.0,
          0.0,
          0.0,
          0.0
        ],
        [
          0.0,
          1.0,
          0.0,
          0.0
        ],
        [
          0.0,
          0.0,
          1.0,
          0.0
        ],
        [
          1.70382,
          0.0,
          0.0,
          1.0
        ]
      ],
      "parent_index": 4,
      "billboard_type": "Disabled"
    },
    {
      "name": "Head",
      "transform": [
        [
          0.785656,
          -0.618663,
          0.0,
          0.0
        ],
        [
          0.618663,
          0.785656,
          0.0,
          0.0
        ],
        [
          0.0,
          0.0,
          1.0,
          0.0
        ],
        [
          0.0,
          0.0,
          0.0,
          1.0
        ]
      ],
      "parent_index": 5,
      "billboard_type": "Disabled"
    },
    {
      "name": "EarL1",
      "transform": [
        [
          0.763129,
          0.0667652,
          0.642788,
          0.0
        ],
        [
          -0.0871557,
          0.996195,
          0.0,
          0.0
        ],
        [
          -0.640342,
          -0.0560226,
          0.766044,
          0.0
        ],
        [
          2.90473,
          0.623716,
          1.9,
          1.0
        ]
      ],
      "parent_index": 6,
      "billboard_type": "Disabled"
    },
    {
      "name": "EarR1",
      "transform": [
        [
          0.763129,
          -0.0667652,
          -0.642788,
          0.0
        ],
        [
          0.0871557,
          0.996195,
          0.0,
          0.0
        ],
        [
          0.640342,
          -0.0560226,
          0.766044,
          0.0
        ],
        [
          2.90473,
          0.623716,
          -1.9,
          1.0
        ]
      ],
      "parent_index": 6,
      "billboard_type": "Disabled"
    },
    {
      "name": "Have",
      "transform": [
        [
          0.0,
          0.0,
          1.0,
          0.0
        ],
        [
          1.0,
          0.0,
          0.0,
          0.0
        ],
        [
          0.0,
          1.0,
          0.0,
          0.0
        ],
        [
          0.044729,
          3.61017,
          0.0,
          1.0
        ]
      ],
      "parent_index": 6,
      "billboard_type": "Disabled"
    },
    {
      "name": "Hat",
      "transform": [
        [
          0.0,
          0.0,
          1.0,
          0.0
        ],
        [
          1.0,
          0.0,
          0.0,
          0.0
        ],
        [
          0.0,
          1.0,
          0.0,
          0.0
        ],
        [
          3.55632,
          0.578913,
          0.0,
          1.0
        ]
      ],
      "parent_index": 6,
      "billboard_type": "Disabled"
    },
    {
      "name": "Face",
      "transform": [
        [
          0.0,
          0.0,
          1.0,
          0.0
        ],
        [
          1.0,
          0.0,
          0.0,
          0.0
        ],
        [
          0.0,
          1.0,
          0.0,
          0.0
        ],
        [
          0.0,
          0.0,
          0.0,
          1.0
        ]
      ],
      "parent_index": 6,
      "billboard_type": "Disabled"
    },
    {
      "name": "ClavicleC",
      "transform": [
        [
          0.785656,
          -0.618663,
          0.0,
          0.0
        ],
        [
          0.618663,
          0.785656,
          0.0,
          0.0
        ],
        [
          0.0,
          0.0,
          1.0,
          0.0
        ],
        [
          0.185088,
          0.601736,
          0.0,
          1.0
        ]
      ],
      "parent_index": 4,
      "billboard_type": "Disabled"
    },
    {
      "name": "ClavicleL",
      "transform": [
        [
          0.0,
          0.0,
          1.0,
          0.0
        ],
        [
          -0.352266,
          0.9359,
          0.0,
          0.0
        ],
        [
          -0.9359,
          -0.352266,
          0.0,
          0.0
        ],
        [
          0.0,
          0.0,
          0.416901,
          1.0
        ]
      ],
      "parent_index": 12,
      "billboard_type": "Disabled"
    },
    {
      "name": "ShoulderL",
      "transform": [
        [
          0.761059,
          0.647982,
          0.0301485,
          0.0
        ],
        [
          -0.648277,
          0.761405,
          0.0,
          0.0
        ],
        [
          -0.0229552,
          -0.0195446,
          0.999545,
          0.0
        ],
        [
          1.77294,
          1.52904,
          -0.232247,
          1.0
        ]
      ],
      "parent_index": 13,
      "billboard_type": "Disabled"
    },
    {
      "name": "ArmL",
      "transform": [
        [
          0.999885,
          0.0151662,
          0.000918556,
          0.0
        ],
        [
          -0.0151662,
          0.999885,
          0.0,
          0.0
        ],
        [
          -0.00091845,
          -0.000013931,
          1.0,
          0.0
        ],
        [
          1.30201,
          -0.001999,
          0.014569,
          1.0
        ]
      ],
      "parent_index": 14,
      "billboard_type": "Disabled"
    },
    {
      "name": "HandL",
      "transform": [
        [
          0.997928,
          0.0205056,
          0.0609872,
          0.0
        ],
        [
          -0.0614619,
          0.0233775,
          0.997836,
          0.0
        ],
        [
          0.0190355,
          -0.999516,
          0.0245894,
          0.0
        ],
        [
          0.652954,
          0.0,
          0.0,
          1.0
        ]
      ],
      "parent_index": 15,
      "billboard_type": "Disabled"
    },
    {
      "name": "HaveL",
      "transform": [
        [
          0.0,
          -1.0,
          0.0,
          0.0
        ],
        [
          0.0,
          0.0,
          -1.0,
          0.0
        ],
        [
          1.0,
          0.0,
          0.0,
          0.0
        ],
        [
          0.4025,
          0.1,
          0.0,
          1.0
        ]
      ],
      "parent_index": 16,
      "billboard_type": "Disabled"
    },
    {
      "name": "ClavicleR",
      "transform": [
        [
          0.0,
          0.0,
          -1.0,
          0.0
        ],
        [
          -0.352266,
          0.9359,
          0.0,
          0.0
        ],
        [
          0.9359,
          0.352266,
          0.0,
          0.0
        ],
        [
          0.0,
          0.0,
          -0.416901,
          1.0
        ]
      ],
      "parent_index": 12,
      "billboard_type": "Disabled"
    },
    {
      "name": "ShoulderR",
      "transform": [
        [
          0.761059,
          0.647982,
          -0.0301485,
          0.0
        ],
        [
          -0.648277,
          0.761405,
          0.0,
          0.0
        ],
        [
          0.0229552,
          0.0195446,
          0.999545,
          0.0
        ],
        [
          1.77288,
          1.52862,
          0.231812,
          1.0
        ]
      ],
      "parent_index": 18,
      "billboard_type": "Disabled"
    },
    {
      "name": "ArmR",
      "transform": [
        [
          0.999885,
          0.0151662,
          -0.000918556,
          0.0
        ],
        [
          -0.0151662,
          0.999885,
          0.0,
          0.0
        ],
        [
          0.00091845,
          0.000013931,
          1.0,
          0.0
        ],
        [
          1.30196,
          0.0,
          0.0,
          1.0
        ]
      ],
      "parent_index": 19,
      "billboard_type": "Disabled"
    },
    {
      "name": "HandR",
      "transform": [
        [
          0.997928,
          0.0205056,
          -0.0609872,
          0.0
        ],
        [
          -0.0614619,
          0.0233775,
          -0.997836,
          0.0
        ],
        [
          -0.0190355,
          0.999516,
          0.0245894,
          0.0
        ],
        [
          0.652957,
          0.0,
          0.0,
          1.0
        ]
      ],
      "parent_index": 20,
      "billboard_type": "Disabled"
    },
    {
      "name": "HaveR",
      "transform": [
        [
          0.0,
          1.0,
          0.0,
          0.0
        ],
        [
          0.0,
          0.0,
          1.0,
          0.0
        ],
        [
          1.0,
          0.0,
          0.0,
          0.0
        ],
        [
          0.4025,
          0.100002,
          0.0,
          1.0
        ]
      ],
      "parent_index": 21,
      "billboard_type": "Disabled"
    },
    {
      "name": "Tail1",
      "transform": [
        [
          0.525383,
          -0.850866,
          0.0,
          0.0
        ],
        [
          0.0,
          0.0,
          1.0,
          0.0
        ],
        [
          -0.850866,
          -0.525383,
          0.0,
          0.0
        ],
        [
          -1.51291,
          -2.58555,
          0.0,
          1.0
        ]
      ],
      "parent_index": 2,
      "billboard_type": "Disabled"
    },
    {
      "name": "Tail2",
      "transform": [
        [
          0.68104,
          0.0,
          -0.732246,
          0.0
        ],
        [
          0.0,
          1.0,
          0.0,
          0.0
        ],
        [
          0.732246,
          0.0,
          0.68104,
          0.0
        ],
        [
          2.69149,
          0.0,
          0.0,
          1.0
        ]
      ],
      "parent_index": 23,
      "billboard_type": "Disabled"
    },
    {
      "name": "Tail3",
      "transform": [
        [
          0.578954,
          0.0,
          -0.81536,
          0.0
        ],
        [
          0.0,
          1.0,
          0.0,
          0.0
        ],
        [
          0.81536,
          0.0,
          0.578954,
          0.0
        ],
        [
          2.32366,
          0.0,
          0.0,
          1.0
        ]
      ],
      "parent_index": 24,
      "billboard_type": "Disabled"
    },
    {
      "name": "Tail4",
      "transform": [
        [
          1.0,
          0.0,
          0.0,
          0.0
        ],
        [
          0.0,
          1.0,
          0.0,
          0.0
        ],
        [
          0.0,
          0.0,
          1.0,
          0.0
        ],
        [
          2.47355,
          0.0,
          0.0,
          1.0
        ]
      ],
      "parent_index": 25,
      "billboard_type": "Disabled"
    },
    {
      "name": "LegC",
      "transform": [
        [
          1.0,
          -0.00000131383,
          0.0,
          0.0
        ],
        [
          0.00000131383,
          1.0,
          0.0,
          0.0
        ],
        [
          0.0,
          0.0,
          1.0,
          0.0
        ],
        [
          -0.450001,
          0.450036,
          0.0,
          1.0
        ]
      ],
      "parent_index": 2,
      "billboard_type": "Disabled"
    },
    {
      "name": "LegL",
      "transform": [
        [
          -0.996419,
          -0.0455975,
          -0.0712062,
          0.0
        ],
        [
          0.0457135,
          -0.998955,
          0.0,
          0.0
        ],
        [
          -0.0711318,
          -0.00325508,
          0.997462,
          0.0
        ],
        [
          0.0,
          0.0,
          2.07,
          1.0
        ]
      ],
      "parent_index": 27,
      "billboard_type": "Disabled"
    },
    {
      "name": "KneeL",
      "transform": [
        [
          0.994556,
          0.097964,
          -0.0355272,
          0.0
        ],
        [
          -0.0980259,
          0.995184,
          0.0,
          0.0
        ],
        [
          0.0353561,
          0.00348259,
          0.999369,
          0.0
        ],
        [
          1.90284,
          0.0,
          0.0,
          1.0
        ]
      ],
      "parent_index": 28,
      "billboard_type": "Disabled"
    },
    {
      "name": "FootL",
      "transform": [
        [
          0.98376,
          0.143324,
          0.108048,
          0.0
        ],
        [
          -0.0801593,
          0.889433,
          -0.449982,
          0.0
        ],
        [
          -0.160595,
          0.434013,
          0.886477,
          0.0
        ],
        [
          2.411,
          0.003896,
          -0.002256,
          1.0
        ]
      ],
      "parent_index": 29,
      "billboard_type": "Disabled"
    },
    {
      "name": "ToeL",
      "transform": [
        [
          0.0,
          -1.0,
          0.0,
          0.0
        ],
        [
          1.0,
          0.0,
          0.0,
          0.0
        ],
        [
          0.0,
          0.0,
          1.0,
          0.0
        ],
        [
          0.180722,
          -1.03547,
          -0.041403,
          1.0
        ]
      ],
      "parent_index": 30,
      "billboard_type": "Disabled"
    },
    {
      "name": "LegR",
      "transform": [
        [
          -0.996419,
          -0.0455973,
          0.0712054,
          0.0
        ],
        [
          0.0457134,
          -0.998955,
          0.0,
          0.0
        ],
        [
          0.0711309,
          0.00325504,
          0.997462,
          0.0
        ],
        [
          0.0,
          0.0,
          -2.07,
          1.0
        ]
      ],
      "parent_index": 27,
      "billboard_type": "Disabled"
    },
    {
      "name": "KneeR",
      "transform": [
        [
          0.994555,
          0.0979641,
          0.0355307,
          0.0
        ],
        [
          -0.098026,
          0.995184,
          0.0,
          0.0
        ],
        [
          -0.0353596,
          -0.00348293,
          0.999369,
          0.0
        ],
        [
          1.90283,
          0.0,
          0.0,
          1.0
        ]
      ],
      "parent_index": 32,
      "billboard_type": "Disabled"
    },
    {
      "name": "FootR",
      "transform": [
        [
          0.98376,
          0.143324,
          -0.108051,
          0.0
        ],
        [
          -0.0801581,
          0.889433,
          0.449982,
          0.0
        ],
        [
          0.160597,
          -0.434013,
          0.886477,
          0.0
        ],
        [
          2.411,
          0.0,
          0.0,
          1.0
        ]
      ],
      "parent_index": 33,
      "billboard_type": "Disabled"
    },
    {
      "name": "ToeR",
      "transform": [
        [
          0.0,
          -1.0,
          0.0,
          0.0
        ],
        [
          1.0,
          0.0,
          0.0,
          0.0
        ],
        [
          0.0,
          0.0,
          1.0,
          0.0
        ],
        [
          0.180721,
          -1.03548,
          0.041394,
          1.0
        ]
      ],
      "parent_index": 34,
      "billboard_type": "Disabled"
    },
    {
      "name": "Throw",
      "transform": [
        [
          1.0,
          0.0,
          0.0,
          0.0
        ],
        [
          0.0,
          1.0,
          0.0,
          0.0
        ],
        [
          0.0,
          0.0,
          1.0,
          0.0
        ],
        [
          0.0,
          -4.5,
          0.0,
          1.0
        ]
      ],
      "parent_index": 1,
      "billboard_type": "Disabled"
    },
    {
      "name": "Mouth",
      "transform": [
        [
          0.0,
          0.0,
          1.0,
          0.0
        ],
        [
          1.0,
          -0.00000262765,
          0.0,
          0.0
        ],
        [
          0.00000262765,
          1.0,
          0.0,
          0.0
        ],
        [
          0.231747,
          1.20166,
          0.0,
          1.0
        ]
      ],
      "parent_index": 6,
      "billboard_type": "Disabled"
    },
    {
      "name": "EarL2",
      "transform": [
        [
          1.0,
          0.0,
          0.0,
          0.0
        ],
        [
          0.0,
          1.0,
          0.0,
          0.0
        ],
        [
          0.0,
          0.0,
          1.0,
          0.0
        ],
        [
          1.0971,
          0.0,
          0.0,
          1.0
        ]
      ],
      "parent_index": 7,
      "billboard_type": "Disabled"
    },
    {
      "name": "EarR2",
      "transform": [
        [
          1.0,
          0.0,
          0.0,
          0.0
        ],
        [
          0.0,
          1.0,
          0.0,
          0.0
        ],
        [
          0.0,
          0.0,
          1.0,
          0.0
        ],
        [
          1.0971,
          0.0,
          0.0,
          1.0
        ]
      ],
      "parent_index": 8,
      "billboard_type": "Disabled"
    },
    {
      "name": "Mouth_group",
      "transform": [
        [
          1.0,
          0.0,
          0.0,
          0.0
        ],
        [
          0.0,
          1.0,
          0.00000658001,
          0.0
        ],
        [
          0.0,
          -0.00000658001,
          1.0,
          0.0
        ],
        [
          0.0,
          0.0,
          0.0,
          1.0
        ]
      ],
      "parent_index": 11,
      "billboard_type": "Disabled"
    },
    {
      "name": "UplipL1",
      "transform": [
        [
          1.0,
          0.0,
          0.0,
          0.0
        ],
        [
          0.0,
          1.0,
          0.0,
          0.0
        ],
        [
          0.0,
          0.0,
          1.0,
          0.0
        ],
        [
          0.0,
          0.0,
          0.0,
          1.0
        ]
      ],
      "parent_index": 55,
      "billboard_type": "Disabled"
    },
    {
      "name": "UplipR1",
      "transform": [
        [
          1.0,
          0.0,
          0.0,
          0.0
        ],
        [
          0.0,
          1.0,
          0.0,
          0.0
        ],
        [
          0.0,
          0.0,
          1.0,
          0.0
        ],
        [
          0.0,
          0.0,
          0.0,
          1.0
        ]
      ],
      "parent_index": 56,
      "billboard_type": "Disabled"
    },
    {
      "name": "UplipL2",
      "transform": [
        [
          1.0,
          0.0,
          0.0,
          0.0
        ],
        [
          0.0,
          1.0,
          0.0,
          0.0
        ],
        [
          0.0,
          0.0,
          1.0,
          0.0
        ],
        [
          0.0,
          0.0,
          0.0,
          1.0
        ]
      ],
      "parent_index": 57,
      "billboard_type": "Disabled"
    },
    {
      "name": "UplipR2",
      "transform": [
        [
          1.0,
          0.0,
          0.0,
          0.0
        ],
        [
          0.0,
          1.0,
          0.0,
          0.0
        ],
        [
          0.0,
          0.0,
          1.0,
          0.0
        ],
        [
          0.0,
          0.0,
          0.0,
          1.0
        ]
      ],
      "parent_index": 58,
      "billboard_type": "Disabled"
    },
    {
      "name": "UplipC",
      "transform": [
        [
          1.0,
          0.0,
          0.0,
          0.0
        ],
        [
          0.0,
          1.0,
          0.0,
          0.0
        ],
        [
          0.0,
          0.0,
          1.0,
          0.0
        ],
        [
          0.0,
          0.0,
          0.0,
          1.0
        ]
      ],
      "parent_index": 59,
      "billboard_type": "Disabled"
    },
    {
      "name": "Jaw",
      "transform": [
        [
          1.0,
          0.0,
          0.0,
          0.0
        ],
        [
          0.0,
          1.0,
          0.0,
          0.0
        ],
        [
          0.0,
          0.0,
          1.0,
          0.0
        ],
        [
          0.0,
          0.0,
          0.0,
          1.0
        ]
      ],
      "parent_index": 60,
      "billboard_type": "Disabled"
    },
    {
      "name": "Tongue",
      "transform": [
        [
          1.0,
          0.0,
          0.0,
          0.0
        ],
        [
          0.0,
          1.0,
          0.0,
          0.0
        ],
        [
          0.0,
          0.0,
          1.0,
          0.0
        ],
        [
          0.0,
          0.0,
          0.0,
          1.0
        ]
      ],
      "parent_index": 61,
      "billboard_type": "Disabled"
    },
    {
      "name": "DownlipC",
      "transform": [
        [
          1.0,
          0.0,
          0.0,
          0.0
        ],
        [
          0.0,
          1.0,
          0.0,
          0.0
        ],
        [
          0.0,
          0.0,
          1.0,
          0.0
        ],
        [
          0.0,
          0.0,
          0.0,
          1.0
        ]
      ],
      "parent_index": 62,
      "billboard_type": "Disabled"
    },
    {
      "name": "DownlipR",
      "transform": [
        [
          1.0,
          0.0,
          0.0,
          0.0
        ],
        [
          0.0,
          1.0,
          0.0,
          0.0
        ],
        [
          0.0,
          0.0,
          1.0,
          0.0
        ],
        [
          0.0,
          0.0,
          0.0,
          1.0
        ]
      ],
      "parent_index": 63,
      "billboard_type": "Disabled"
    },
    {
      "name": "DownlipL",
      "transform": [
        [
          1.0,
          0.0,
          0.0,
          0.0
        ],
        [
          0.0,
          1.0,
          0.0,
          0.0
        ],
        [
          0.0,
          0.0,
          1.0,
          0.0
        ],
        [
          0.0,
          0.0,
          0.0,
          1.0
        ]
      ],
      "parent_index": 64,
      "billboard_type": "Disabled"
    },
    {
      "name": "FingerL10",
      "transform": [
        [
          1.0,
          0.0,
          0.0,
          0.0
        ],
        [
          0.0,
          1.0,
          0.0,
          0.0
        ],
        [
          0.0,
          0.0,
          1.0,
          0.0
        ],
        [
          0.1,
          0.0,
          0.0,
          1.0
        ]
      ],
      "parent_index": 16,
      "billboard_type": "Disabled"
    },
    {
      "name": "FingerL11",
      "transform": [
        [
          1.0,
          0.0,
          0.0,
          0.0
        ],
        [
          0.0,
          1.0,
          0.0,
          0.0
        ],
        [
          0.0,
          0.0,
          1.0,
          0.0
        ],
        [
          0.33,
          -0.11495,
          -0.00135949,
          1.0
        ]
      ],
      "parent_index": 51,
      "billboard_type": "Disabled"
    },
    {
      "name": "FingerR10",
      "transform": [
        [
          1.0,
          0.0,
          0.0,
          0.0
        ],
        [
          0.0,
          1.0,
          0.0,
          0.0
        ],
        [
          0.0,
          0.0,
          1.0,
          0.0
        ],
        [
          0.1,
          0.0,
          0.0,
          1.0
        ]
      ],
      "parent_index": 21,
      "billboard_type": "Disabled"
    },
    {
      "name": "FingerR11",
      "transform": [
        [
          1.0,
          0.0,
          0.0,
          0.0
        ],
        [
          0.0,
          1.0,
          0.0,
          0.0
        ],
        [
          0.0,
          0.0,
          1.0,
          0.0
        ],
        [
          0.33,
          -0.11495,
          0.00135949,
          1.0
        ]
      ],
      "parent_index": 53,
      "billboard_type": "Disabled"
    },
    {
      "name": "UplipL1_offset",
      "transform": [
        [
          1.0,
          0.0,
          0.0,
          0.0
        ],
        [
          0.0,
          1.0,
          0.0,
          0.0
        ],
        [
          0.0,
          0.0,
          1.0,
          0.0
        ],
        [
          0.369451,
          0.227238,
          3.55845,
          1.0
        ]
      ],
      "parent_index": 40,
      "billboard_type": "Disabled"
    },
    {
      "name": "UplipR1_offset",
      "transform": [
        [
          1.0,
          0.0,
          0.0,
          0.0
        ],
        [
          0.0,
          1.0,
          0.0,
          0.0
        ],
        [
          0.0,
          0.0,
          1.0,
          0.0
        ],
        [
          -0.368994,
          0.227238,
          3.55845,
          1.0
        ]
      ],
      "parent_index": 40,
      "billboard_type": "Disabled"
    },
    {
      "name": "UplipL2_offset",
      "transform": [
        [
          1.0,
          0.0,
          0.0,
          0.0
        ],
        [
          0.0,
          1.0,
          0.0,
          0.0
        ],
        [
          0.0,
          0.0,
          1.0,
          0.0
        ],
        [
          0.631046,
          0.0685767,
          3.38762,
          1.0
        ]
      ],
      "parent_index": 40,
      "billboard_type": "Disabled"
    },
    {
      "name": "UplipR2_offset",
      "transform": [
        [
          1.0,
          0.0,
          0.0,
          0.0
        ],
        [
          0.0,
          1.0,
          0.0,
          0.0
        ],
        [
          0.0,
          0.0,
          1.0,
          0.0
        ],
        [
          -0.630994,
          0.0685768,
          3.38762,
          1.0
        ]
      ],
      "parent_index": 40,
      "billboard_type": "Disabled"
    },
    {
      "name": "UplipC_offset",
      "transform": [
        [
          1.0,
          0.0,
          0.0,
          0.0
        ],
        [
          0.0,
          1.0,
          0.0,
          0.0
        ],
        [
          0.0,
          0.0,
          1.0,
          0.0
        ],
        [
          0.0,
          0.262,
          3.59903,
          1.0
        ]
      ],
      "parent_index": 40,
      "billboard_type": "Disabled"
    },
    {
      "name": "Jaw_offset",
      "transform": [
        [
          0.0,
          -0.165015,
          0.986291,
          0.0
        ],
        [
          0.0,
          -0.986291,
          -0.165015,
          0.0
        ],
        [
          1.0,
          0.0,
          0.0,
          0.0
        ],
        [
          0.0,
          0.47044,
          1.51056,
          1.0
        ]
      ],
      "parent_index": 40,
      "billboard_type": "Disabled"
    },
    {
      "name": "Tongue_offset",
      "transform": [
        [
          0.998699,
          -0.0509916,
          0.0,
          0.0
        ],
        [
          0.0509916,
          0.998699,
          0.0,
          0.0
        ],
        [
          0.0,
          0.0,
          1.0,
          0.0
        ],
        [
          1.12485,
          -0.196211,
          0.0,
          1.0
        ]
      ],
      "parent_index": 46,
      "billboard_type": "Disabled"
    },
    {
      "name": "DownlipC_offset",
      "transform": [
        [
          0.0,
          0.0,
          1.0,
          0.0
        ],
        [
          -0.0509916,
          -0.998699,
          0.0,
          0.0
        ],
        [
          0.998699,
          -0.0509916,
          0.0,
          0.0
        ],
        [
          2.04924,
          -0.11384,
          0.0,
          1.0
        ]
      ],
      "parent_index": 46,
      "billboard_type": "Disabled"
    },
    {
      "name": "DownlipR_offset",
      "transform": [
        [
          0.0,
          0.0,
          1.0,
          0.0
        ],
        [
          -0.0509916,
          -0.998699,
          0.0,
          0.0
        ],
        [
          0.998699,
          -0.0509916,
          0.0,
          0.0
        ],
        [
          1.99104,
          -0.0145297,
          -0.401,
          1.0
        ]
      ],
      "parent_index": 46,
      "billboard_type": "Disabled"
    },
    {
      "name": "DownlipL_offset",
      "transform": [
        [
          0.0,
          0.0,
          1.0,
          0.0
        ],
        [
          -0.0509916,
          -0.998699,
          0.0,
          0.0
        ],
        [
          0.998699,
          -0.0509916,
          0.0,
          0.0
        ],
        [
          1.991,
          -0.015,
          0.401231,
          1.0
        ]
      ],
      "parent_index": 46,
      "billboard_type": "Disabled"
    },
    {
      "name": "H_Neck",
      "transform": [
        [
          1.0,
          0.0,
          0.0,
          0.0
        ],
        [
          0.0,
          1.0,
          0.0,
          0.0
        ],
        [
          0.0,
          0.0,
          1.0,
          0.0
        ],
        [
          1.71382,
          0.0,
          0.0,
          1.0
        ]
      ],
      "parent_index": 4,
      "billboard_type": "Disabled"
    },
    {
      "name": "H_ArmtwistL",
      "transform": [
        [
          0.999892,
          0.00455856,
          0.0139854,
          0.0
        ],
        [
          -0.0140102,
          0.00545169,
          0.999887,
          0.0
        ],
        [
          0.0044818,
          -0.999975,
          0.00551497,
          0.0
        ],
        [
          0.3,
          0.0,
          0.0,
          1.0
        ]
      ],
      "parent_index": 15,
      "billboard_type": "Disabled"
    },
    {
      "name": "H_ElbowL",
      "transform": [
        [
          0.999971,
          0.00758333,
          0.000459225,
          0.0
        ],
        [
          -0.00758334,
          0.999971,
          0.00000179592,
          0.0
        ],
        [
          -0.000459198,
          -0.00000527832,
          1.0,
          0.0
        ],
        [
          1.25,
          0.0,
          0.0,
          1.0
        ]
      ],
      "parent_index": 14,
      "billboard_type": "Disabled"
    },
    {
      "name": "H_SholderL",
      "transform": [
        [
          0.938365,
          0.345318,
          0.0150759,
          0.0
        ],
        [
          -0.345394,
          0.938454,
          0.00268636,
          0.0
        ],
        [
          -0.0132204,
          -0.00772792,
          0.999883,
          0.0
        ],
        [
          1.5,
          1.3,
          -0.2,
          1.0
        ]
      ],
      "parent_index": 13,
      "billboard_type": "Disabled"
    },
    {
      "name": "H_ArmtwistR",
      "transform": [
        [
          0.999892,
          0.00455856,
          -0.0139854,
          0.0
        ],
        [
          -0.0140102,
          0.00545169,
          -0.999887,
          0.0
        ],
        [
          -0.0044818,
          0.999975,
          0.00551497,
          0.0
        ],
        [
          0.3,
          0.0,
          0.0,
          1.0
        ]
      ],
      "parent_index": 20,
      "billboard_type": "Disabled"
    },
    {
      "name": "H_ElbowR",
      "transform": [
        [
          0.999971,
          0.00758333,
          -0.000459197,
          0.0
        ],
        [
          -0.00758333,
          0.999971,
          -0.0000016907,
          0.0
        ],
        [
          0.000459171,
          0.0000051729,
          1.0,
          0.0
        ],
        [
          1.25,
          0.0,
          0.0,
          1.0
        ]
      ],
      "parent_index": 19,
      "billboard_type": "Disabled"
    },
    {
      "name": "H_SholderR",
      "transform": [
        [
          0.938365,
          0.345318,
          -0.0150759,
          0.0
        ],
        [
          -0.345394,
          0.938454,
          -0.00268636,
          0.0
        ],
        [
          0.0132204,
          0.00772792,
          0.999883,
          0.0
        ],
        [
          1.5,
          1.3,
          0.2,
          1.0
        ]
      ],
      "parent_index": 18,
      "billboard_type": "Disabled"
    },
    {
      "name": "H_LegL",
      "transform": [
        [
          -0.999104,
          -0.022833,
          -0.0356257,
          0.0
        ],
        [
          0.022862,
          -0.999739,
          -0.000407377,
          0.0
        ],
        [
          -0.0356071,
          -0.00122149,
          0.999365,
          0.0
        ],
        [
          -1.5,
          0.2,
          1.4,
          1.0
        ]
      ],
      "parent_index": 2,
      "billboard_type": "Disabled"
    },
    {
      "name": "H_LegR",
      "transform": [
        [
          0.999104,
          0.022833,
          -0.0356253,
          0.0
        ],
        [
          -0.022862,
          0.999739,
          -0.000407472,
          0.0
        ],
        [
          0.0356067,
          0.00122157,
          0.999365,
          0.0
        ],
        [
          -1.5,
          0.2,
          -1.4,
          1.0
        ]
      ],
      "parent_index": 2,
      "billboard_type": "Disabled"
    },
    {
      "name": "H_LegL2",
      "transform": [
        [
          -0.999104,
          -0.022833,
          -0.0356257,
          0.0
        ],
        [
          0.022862,
          -0.999739,
          -0.000407377,
          0.0
        ],
        [
          -0.0356071,
          -0.00122149,
          0.999365,
          0.0
        ],
        [
          -1.5,
          0.2,
          1.4,
          1.0
        ]
      ],
      "parent_index": 2,
      "billboard_type": "Disabled"
    },
    {
      "name": "H_KneeL",
      "transform": [
        [
          0.998638,
          0.0490565,
          -0.0177664,
          0.0
        ],
        [
          -0.049072,
          0.998795,
          -0.000436213,
          0.0
        ],
        [
          0.0177235,
          0.00130745,
          0.999842,
          0.0
        ],
        [
          1.8,
          0.2,
          0.0,
          1.0
        ]
      ],
      "parent_index": 28,
      "billboard_type": "Disabled"
    },
    {
      "name": "H_KneeR",
      "transform": [
        [
          0.998638,
          0.0490567,
          0.0177682,
          0.0
        ],
        [
          -0.0490722,
          0.998795,
          0.000436254,
          0.0
        ],
        [
          -0.0177253,
          -0.00130758,
          0.999842,
          0.0
        ],
        [
          1.8,
          0.2,
          0.0,
          1.0
        ]
      ],
      "parent_index": 32,
      "billboard_type": "Disabled"
    }
  ]
}