{
  "major_version": 1,
  "minor_version": 0,
  "bones": [
    {
      "name": "Trans",
      "transform": [
        [
          1.0,
          0.0,
          0.0,
          0.0
        ],
        [
          0.0,
          1.0,
          0.0,
          0.0
        ],
        [
          0.0,
          0.0,
          1.0,
          0.0
        ],
        [
          0.0,
          0.0,
          0.0,
          1.0
        ]
      ],
      "parent_index": null,
      "billboard_type": "Disabled"
    },
    {
      "name": "Rot",
      "transform": [
        [
          1.0,
          0.0,
          0.0,
          0.0
        ],
        [
          0.0,
          1.0,
          0.0,
          0.0
        ],
        [
          0.0,
          0.0,
          1.0,
          0.0
        ],
        [
          0.0,
          10.1831,
          0.268775,
          1.0
        ]
      ],
      "parent_index": 0,
      "billboard_type": "Disabled"
    },
    {
      "name": "Hip",
      "transform": [
        [
          0.0,
          0.974973,
          0.222323,
          0.0
        ],
        [
          0.0,
          -0.222323,
          0.974973,
          0.0
        ],
        [
          1.0,
          0.0,
          0.0,
          0.0
        ],
        [
          0.0,
          0.0,
          0.0,
          1.0
        ]
      ],
      "parent_index": 1,
      "billboard_type": "Disabled"
    },
    {
      "name": "Waist",
      "transform": [
        [
          0.935225,
          -0.354053,
          0.0,
          0.0
        ],
        [
          0.354053,
          0.935225,
          0.0,
          0.0
        ],
        [
          0.0,
          0.0,
          1.0,
          0.0
        ],
        [
          1.5051,
          0.0,
          0.0,
          1.0
        ]
      ],
      "parent_index": 2,
      "billboard_type": "Disabled"
    },
    {
      "name": "Bust",
      "transform": [
        [
          0.993521,
          -0.113647,
          0.0,
          0.0
        ],
        [
          0.113647,
          0.993521,
          0.0,
          0.0
        ],
        [
          0.0,
          0.0,
          1.0,
          0.0
        ],
        [
          1.03998,
          0.0,
          0.0,
          1.0
        ]
      ],
      "parent_index": 3,
      "billboard_type": "Disabled"
    },
    {
      "name": "Neck",
      "transform": [
        [
          0.908633,
          0.417597,
          0.0,
          0.0
        ],
        [
          -0.417597,
          0.908633,
          0.0,
          0.0
        ],
        [
          0.0,
          0.0,
          1.0,
          0.0
        ],
        [
          2.32382,
          0.0,
          0.0,
          1.0
        ]
      ],
      "parent_index": 4,
      "billboard_type": "Disabled"
    },
    {
      "name": "Head",
      "transform": [
        [
          0.983986,
          -0.178244,
          0.0,
          0.0
        ],
        [
          0.178244,
          0.983986,
          0.0,
          0.0
        ],
        [
          0.0,
          0.0,
          1.0,
          0.0
        ],
        [
          0.481174,
          0.0,
          0.0,
          1.0
        ]
      ],
      "parent_index": 5,
      "billboard_type": "Disabled"
    },
    {
      "name": "Face",
      "transform": [
        [
          0.0,
          0.0,
          1.0,
          0.0
        ],
        [
          1.0,
          0.0,
          0.0,
          0.0
        ],
        [
          0.0,
          1.0,
          0.0,
          0.0
        ],
        [
          0.0,
          0.0,
          0.0,
          1.0
        ]
      ],
      "parent_index": 6,
      "billboard_type": "Disabled"
    },
    {
      "name": "WingL1",
      "transform": [
        [
          0.611991,
          -0.72021,
          0.326749,
          0.0
        ],
        [
          -0.0893372,
          0.347555,
          0.933394,
          0.0
        ],
        [
          -0.785803,
          -0.60042,
          0.148359,
          0.0
        ],
        [
          1.87393,
          -0.944013,
          0.695374,
          1.0
        ]
      ],
      "parent_index": 4,
      "billboard_type": "Disabled"
    },
    {
      "name": "WingL2",
      "transform": [
        [
          0.980508,
          0.0750974,
          -0.18156,
          0.0
        ],
        [
          -0.0763666,
          0.99708,
          0.0,
          0.0
        ],
        [
          0.181029,
          0.0138651,
          0.98338,
          0.0
        ],
        [
          1.57647,
          0.0,
          0.0,
          1.0
        ]
      ],
      "parent_index": 8,
      "billboard_type": "Disabled"
    },
    {
      "name": "WingR1",
      "transform": [
        [
          0.612012,
          -0.720192,
          -0.326749,
          0.0
        ],
        [
          -0.0893381,
          0.347558,
          -0.933393,
          0.0
        ],
        [
          0.785787,
          0.600438,
          0.148369,
          0.0
        ],
        [
          1.87389,
          -0.944023,
          -0.695374,
          1.0
        ]
      ],
      "parent_index": 4,
      "billboard_type": "Disabled"
    },
    {
      "name": "WingR2",
      "transform": [
        [
          0.980515,
          0.0750923,
          0.181524,
          0.0
        ],
        [
          -0.0763609,
          0.99708,
          0.0,
          0.0
        ],
        [
          -0.180994,
          -0.0138614,
          0.983386,
          0.0
        ],
        [
          1.57649,
          0.0,
          0.0,
          1.0
        ]
      ],
      "parent_index": 10,
      "billboard_type": "Disabled"
    },
    {
      "name": "ClavicleC",
      "transform": [
        [
          0.968516,
          0.248952,
          0.0,
          0.0
        ],
        [
          -0.248952,
          0.968516,
          0.0,
          0.0
        ],
        [
          0.0,
          0.0,
          1.0,
          0.0
        ],
        [
          1.77358,
          0.293392,
          0.0,
          1.0
        ]
      ],
      "parent_index": 4,
      "billboard_type": "Disabled"
    },
    {
      "name": "ClavicleL",
      "transform": [
        [
          0.0,
          0.0,
          1.0,
          0.0
        ],
        [
          0.0,
          1.0,
          0.0,
          0.0
        ],
        [
          -1.0,
          0.0,
          0.0,
          0.0
        ],
        [
          0.0,
          0.0,
          0.89325,
          1.0
        ]
      ],
      "parent_index": 12,
      "billboard_type": "Disabled"
    },
    {
      "name": "ShoulderL",
      "transform": [
        [
          0.999882,
          -0.0114611,
          0.010228,
          0.0
        ],
        [
          0.0114617,
          0.999934,
          0.0,
          0.0
        ],
        [
          -0.0102273,
          0.00011723,
          0.999948,
          0.0
        ],
        [
          0.93775,
          -0.219967,
          0.309377,
          1.0
        ]
      ],
      "parent_index": 13,
      "billboard_type": "Disabled"
    },
    {
      "name": "ArmL",
      "transform": [
        [
          0.998852,
          0.0247229,
          -0.0410318,
          0.0
        ],
        [
          -0.0247437,
          0.999694,
          0.0,
          0.0
        ],
        [
          0.0410192,
          0.00101528,
          0.999158,
          0.0
        ],
        [
          1.85328,
          0.0,
          0.0,
          1.0
        ]
      ],
      "parent_index": 14,
      "billboard_type": "Disabled"
    },
    {
      "name": "HandL",
      "transform": [
        [
          0.999437,
          -0.0132826,
          0.0308074,
          0.0
        ],
        [
          -0.0308134,
          -0.000252351,
          0.999525,
          0.0
        ],
        [
          -0.0132685,
          -0.999912,
          -0.000661492,
          0.0
        ],
        [
          2.63417,
          0.0,
          0.0,
          1.0
        ]
      ],
      "parent_index": 15,
      "billboard_type": "Disabled"
    },
    {
      "name": "HaveL",
      "transform": [
        [
          0.0,
          -1.0,
          0.0,
          0.0
        ],
        [
          0.0,
          0.0,
          -1.0,
          0.0
        ],
        [
          1.0,
          0.0,
          0.0,
          0.0
        ],
        [
          1.09226,
          0.344975,
          -0.0539756,
          1.0
        ]
      ],
      "parent_index": 16,
      "billboard_type": "Disabled"
    },
    {
      "name": "SwordL",
      "transform": [
        [
          1.0,
          0.0,
          0.0,
          0.0
        ],
        [
          0.0,
          1.0,
          0.0,
          0.0
        ],
        [
          0.0,
          0.0,
          1.0,
          0.0
        ],
        [
          0.0,
          0.0,
          0.0,
          1.0
        ]
      ],
      "parent_index": 17,
      "billboard_type": "Disabled"
    },
    {
      "name": "BowL",
      "transform": [
        [
          1.0,
          0.0,
          0.0,
          0.0
        ],
        [
          0.0,
          1.0,
          0.0,
          0.0
        ],
        [
          0.0,
          0.0,
          1.0,
          0.0
        ],
        [
          0.0,
          0.0,
          0.0,
          1.0
        ]
      ],
      "parent_index": 17,
      "billboard_type": "Disabled"
    },
    {
      "name": "ClavicleR",
      "transform": [
        [
          0.0,
          0.0,
          -1.0,
          0.0
        ],
        [
          0.0,
          1.0,
          0.0,
          0.0
        ],
        [
          1.0,
          0.0,
          0.0,
          0.0
        ],
        [
          0.0,
          0.0,
          -0.89325,
          1.0
        ]
      ],
      "parent_index": 12,
      "billboard_type": "Disabled"
    },
    {
      "name": "ShoulderR",
      "transform": [
        [
          0.999882,
          -0.0114611,
          -0.0101982,
          0.0
        ],
        [
          0.0114617,
          0.999934,
          0.0,
          0.0
        ],
        [
          0.0101975,
          -0.000116888,
          0.999948,
          0.0
        ],
        [
          0.93775,
          -0.219967,
          -0.3094,
          1.0
        ]
      ],
      "parent_index": 20,
      "billboard_type": "Disabled"
    },
    {
      "name": "ArmR",
      "transform": [
        [
          0.998854,
          0.0247229,
          0.0409764,
          0.0
        ],
        [
          -0.0247437,
          0.999694,
          0.0,
          0.0
        ],
        [
          -0.0409639,
          -0.00101391,
          0.99916,
          0.0
        ],
        [
          1.85328,
          0.0,
          0.0,
          1.0
        ]
      ],
      "parent_index": 21,
      "billboard_type": "Disabled"
    },
    {
      "name": "HandR",
      "transform": [
        [
          0.999438,
          -0.0132826,
          -0.0307817,
          0.0
        ],
        [
          -0.0307878,
          -0.000251614,
          -0.999526,
          0.0
        ],
        [
          0.0132686,
          0.999912,
          -0.000660415,
          0.0
        ],
        [
          2.63416,
          0.0,
          0.0,
          1.0
        ]
      ],
      "parent_index": 22,
      "billboard_type": "Disabled"
    },
    {
      "name": "HaveR",
      "transform": [
        [
          0.0,
          1.0,
          0.0,
          0.0
        ],
        [
          0.0,
          0.0,
          1.0,
          0.0
        ],
        [
          1.0,
          0.0,
          0.0,
          0.0
        ],
        [
          1.0922,
          0.344942,
          0.054,
          1.0
        ]
      ],
      "parent_index": 23,
      "billboard_type": "Disabled"
    },
    {
      "name": "SwordR2",
      "transform": [
        [
          1.0,
          0.0,
          0.0,
          0.0
        ],
        [
          0.0,
          1.0,
          0.0,
          0.0
        ],
        [
          0.0,
          0.0,
          1.0,
          0.0
        ],
        [
          0.0,
          0.0,
          0.0,
          1.0
        ]
      ],
      "parent_index": 24,
      "billboard_type": "Disabled"
    },
    {
      "name": "SwordR1",
      "transform": [
        [
          1.0,
          0.0,
          0.0,
          0.0
        ],
        [
          0.0,
          1.0,
          0.0,
          0.0
        ],
        [
          0.0,
          0.0,
          1.0,
          0.0
        ],
        [
          0.0,
          0.0,
          0.0,
          1.0
        ]
      ],
      "parent_index": 24,
      "billboard_type": "Disabled"
    },
    {
      "name": "BowR",
      "transform": [
        [
          1.0,
          0.0,
          0.0,
          0.0
        ],
        [
          0.0,
          1.0,
          0.0,
          0.0
        ],
        [
          0.0,
          0.0,
          1.0,
          0.0
        ],
        [
          0.0,
          0.0,
          0.0,
          1.0
        ]
      ],
      "parent_index": 24,
      "billboard_type": "Disabled"
    },
    {
      "name": "LegC",
      "transform": [
        [
          0.974973,
          -0.222323,
          0.0,
          0.0
        ],
        [
          0.222323,
          0.974973,
          0.0,
          0.0
        ],
        [
          0.0,
          0.0,
          1.0,
          0.0
        ],
        [
          0.0139302,
          0.171925,
          0.0,
          1.0
        ]
      ],
      "parent_index": 2,
      "billboard_type": "Disabled"
    },
    {
      "name": "LegL",
      "transform": [
        [
          -0.993877,
          -0.100818,
          0.0452132,
          0.0
        ],
        [
          0.100922,
          -0.994894,
          0.0,
          0.0
        ],
        [
          0.0449823,
          0.00456299,
          0.998977,
          0.0
        ],
        [
          0.0,
          0.0,
          0.817026,
          1.0
        ]
      ],
      "parent_index": 28,
      "billboard_type": "Disabled"
    },
    {
      "name": "KneeL",
      "transform": [
        [
          0.99743,
          -0.0698387,
          -0.0159757,
          0.0
        ],
        [
          0.0698476,
          0.997558,
          0.0,
          0.0
        ],
        [
          0.0159367,
          -0.00111587,
          0.999872,
          0.0
        ],
        [
          4.1345,
          0.0,
          0.0,
          1.0
        ]
      ],
      "parent_index": 29,
      "billboard_type": "Disabled"
    },
    {
      "name": "FootL",
      "transform": [
        [
          0.99909,
          -0.0312553,
          -0.0290249,
          0.0
        ],
        [
          0.0311502,
          0.999506,
          -0.00406586,
          0.0
        ],
        [
          0.0291376,
          0.00315803,
          0.99957,
          0.0
        ],
        [
          4.54989,
          0.0,
          0.0,
          1.0
        ]
      ],
      "parent_index": 30,
      "billboard_type": "Disabled"
    },
    {
      "name": "ToeL",
      "transform": [
        [
          0.0,
          -1.0,
          0.0,
          0.0
        ],
        [
          1.0,
          0.0,
          0.0,
          0.0
        ],
        [
          0.0,
          0.0,
          1.0,
          0.0
        ],
        [
          0.818285,
          -1.82085,
          0.0808575,
          1.0
        ]
      ],
      "parent_index": 31,
      "billboard_type": "Disabled"
    },
    {
      "name": "LegR",
      "transform": [
        [
          -0.993877,
          -0.100819,
          -0.0452135,
          0.0
        ],
        [
          0.100922,
          -0.994894,
          0.0,
          0.0
        ],
        [
          -0.0449826,
          -0.00456304,
          0.998977,
          0.0
        ],
        [
          0.0,
          0.0,
          -0.817026,
          1.0
        ]
      ],
      "parent_index": 28,
      "billboard_type": "Disabled"
    },
    {
      "name": "KneeR",
      "transform": [
        [
          0.99743,
          -0.0698392,
          0.0159767,
          0.0
        ],
        [
          0.0698481,
          0.997558,
          0.0,
          0.0
        ],
        [
          -0.0159376,
          0.00111594,
          0.999872,
          0.0
        ],
        [
          4.13448,
          0.0,
          0.0,
          1.0
        ]
      ],
      "parent_index": 33,
      "billboard_type": "Disabled"
    },
    {
      "name": "FootR",
      "transform": [
        [
          0.99909,
          -0.0312552,
          0.0290242,
          0.0
        ],
        [
          0.0311501,
          0.999506,
          0.00406588,
          0.0
        ],
        [
          -0.029137,
          -0.00315807,
          0.99957,
          0.0
        ],
        [
          4.54989,
          0.0,
          0.0,
          1.0
        ]
      ],
      "parent_index": 34,
      "billboard_type": "Disabled"
    },
    {
      "name": "ToeR",
      "transform": [
        [
          0.0,
          -1.0,
          0.0,
          0.0
        ],
        [
          1.0,
          0.0,
          0.0,
          0.0
        ],
        [
          0.0,
          0.0,
          1.0,
          0.0
        ],
        [
          0.818286,
          -1.82085,
          -0.08086,
          1.0
        ]
      ],
      "parent_index": 35,
      "billboard_type": "Disabled"
    },
    {
      "name": "BitL",
      "transform": [
        [
          1.0,
          0.0,
          0.0,
          0.0
        ],
        [
          0.0,
          1.0,
          0.0,
          0.0
        ],
        [
          0.0,
          0.0,
          1.0,
          0.0
        ],
        [
          0.0,
          -10.1831,
          -0.268775,
          1.0
        ]
      ],
      "parent_index": 1,
      "billboard_type": "Disabled"
    },
    {
      "name": "BitR",
      "transform": [
        [
          1.0,
          0.0,
          0.0,
          0.0
        ],
        [
          0.0,
          1.0,
          0.0,
          0.0
        ],
        [
          0.0,
          0.0,
          1.0,
          0.0
        ],
        [
          0.0,
          -10.1831,
          -0.268775,
          1.0
        ]
      ],
      "parent_index": 1,
      "billboard_type": "Disabled"
    },
    {
      "name": "Throw",
      "transform": [
        [
          1.0,
          0.0,
          0.0,
          0.0
        ],
        [
          0.0,
          1.0,
          0.0,
          0.0
        ],
        [
          0.0,
          0.0,
          1.0,
          0.0
        ],
        [
          0.0,
          -10.1831,
          -0.268775,
          1.0
        ]
      ],
      "parent_index": 1,
      "billboard_type": "Disabled"
    },
    {
      "name": "S_WingL1",
      "transform": [
        [
          0.881824,
          -0.0227835,
          0.471027,
          0.0
        ],
        [
          0.0258282,
          0.999666,
          0.0,
          0.0
        ],
        [
          -0.47087,
          0.0121658,
          0.882119,
          0.0
        ],
        [
          1.71762,
          0.0,
          0.0,
          1.0
        ]
      ],
      "parent_index": 9,
      "billboard_type": "Disabled"
    },
    {
      "name": "S_WingL2",
      "transform": [
        [
          0.998804,
          0.0288756,
          -0.0394652,
          0.0
        ],
        [
          -0.0288981,
          0.999582,
          0.0,
          0.0
        ],
        [
          0.0394488,
          0.00114047,
          0.999221,
          0.0
        ],
        [
          3.5577,
          0.0,
          0.0,
          1.0
        ]
      ],
      "parent_index": 40,
      "billboard_type": "Disabled"
    },
    {
      "name": "S_WingR1",
      "transform": [
        [
          0.881833,
          -0.022782,
          -0.471012,
          0.0
        ],
        [
          0.0258263,
          0.999666,
          0.0,
          0.0
        ],
        [
          0.470855,
          -0.0121645,
          0.882127,
          0.0
        ],
        [
          1.71761,
          0.0,
          0.0,
          1.0
        ]
      ],
      "parent_index": 11,
      "billboard_type": "Disabled"
    },
    {
      "name": "S_WingR2",
      "transform": [
        [
          0.998804,
          0.0288761,
          0.0394571,
          0.0
        ],
        [
          -0.0288986,
          0.999582,
          0.0,
          0.0
        ],
        [
          -0.0394406,
          -0.00114026,
          0.999221,
          0.0
        ],
        [
          3.5577,
          0.0,
          0.0,
          1.0
        ]
      ],
      "parent_index": 42,
      "billboard_type": "Disabled"
    },
    {
      "name": "S_HairF1",
      "transform": [
        [
          -1.0,
          0.0,
          0.0,
          0.0
        ],
        [
          0.0,
          1.0,
          0.0,
          0.0
        ],
        [
          0.0,
          0.0,
          -1.0,
          0.0
        ],
        [
          2.31035,
          1.12276,
          0.0,
          1.0
        ]
      ],
      "parent_index": 6,
      "billboard_type": "Disabled"
    },
    {
      "name": "S_HairF2_null",
      "transform": [
        [
          1.0,
          0.0,
          0.0,
          0.0
        ],
        [
          0.0,
          1.0,
          0.0,
          0.0
        ],
        [
          0.0,
          0.0,
          1.0,
          0.0
        ],
        [
          2.44232,
          0.0,
          0.0,
          1.0
        ]
      ],
      "parent_index": 44,
      "billboard_type": "Disabled"
    },
    {
      "name": "S_HairC1",
      "transform": [
        [
          0.999993,
          0.00370031,
          0.0,
          0.0
        ],
        [
          -0.00370031,
          0.999993,
          0.0,
          0.0
        ],
        [
          0.0,
          0.0,
          1.0,
          0.0
        ],
        [
          2.07664,
          0.17622,
          0.0,
          1.0
        ]
      ],
      "parent_index": 6,
      "billboard_type": "Disabled"
    },
    {
      "name": "S_HairC2_null",
      "transform": [
        [
          1.0,
          0.0,
          0.0,
          0.0
        ],
        [
          0.0,
          1.0,
          0.0,
          0.0
        ],
        [
          0.0,
          0.0,
          1.0,
          0.0
        ],
        [
          1.76454,
          0.0,
          0.0,
          1.0
        ]
      ],
      "parent_index": 46,
      "billboard_type": "Disabled"
    },
    {
      "name": "S_WingL3_null",
      "transform": [
        [
          1.0,
          0.0,
          0.0,
          0.0
        ],
        [
          0.0,
          1.0,
          0.0,
          0.0
        ],
        [
          0.0,
          0.0,
          1.0,
          0.0
        ],
        [
          4.0,
          0.0,
          0.0,
          1.0
        ]
      ],
      "parent_index": 41,
      "billboard_type": "Disabled"
    },
    {
      "name": "S_WingR3_null",
      "transform": [
        [
          1.0,
          0.0,
          0.0,
          0.0
        ],
        [
          0.0,
          1.0,
          0.0,
          0.0
        ],
        [
          0.0,
          0.0,
          1.0,
          0.0
        ],
        [
          4.0,
          0.0,
          0.0,
          1.0
        ]
      ],
      "parent_index": 43,
      "billboard_type": "Disabled"
    },
    {
      "name": "S_ScarfL1",
      "transform": [
        [
          -0.24517,
          0.953802,
          0.173648,
          0.0
        ],
        [
          0.968516,
          0.248952,
          0.0,
          0.0
        ],
        [
          -0.0432301,
          0.168181,
          -0.984808,
          0.0
        ],
        [
          1.92365,
          0.373778,
          1.25555,
          1.0
        ]
      ],
      "parent_index": 4,
      "billboard_type": "Disabled"
    },
    {
      "name": "S_ScarfL2_null",
      "transform": [
        [
          0.589894,
          0.80748,
          0.0,
          0.0
        ],
        [
          -0.80748,
          0.589894,
          0.0,
          0.0
        ],
        [
          0.0,
          0.0,
          1.0,
          0.0
        ],
        [
          0.8,
          0.0,
          0.0,
          1.0
        ]
      ],
      "parent_index": 50,
      "billboard_type": "Disabled"
    },
    {
      "name": "S_ScarfR1",
      "transform": [
        [
          -0.248952,
          0.968516,
          0.000258448,
          0.0
        ],
        [
          0.968516,
          0.248952,
          0.0,
          0.0
        ],
        [
          -0.0000643411,
          0.000250311,
          -1.0,
          0.0
        ],
        [
          2.16842,
          0.469763,
          -1.5654,
          1.0
        ]
      ],
      "parent_index": 4,
      "billboard_type": "Disabled"
    },
    {
      "name": "S_ScarfR2_null",
      "transform": [
        [
          1.0,
          0.0,
          0.0,
          0.0
        ],
        [
          0.0,
          1.0,
          0.0,
          0.0
        ],
        [
          0.0,
          0.0,
          1.0,
          0.0
        ],
        [
          1.0,
          0.0,
          0.0,
          1.0
        ]
      ],
      "parent_index": 52,
      "billboard_type": "Disabled"
    },
    {
      "name": "S_ShirttailBR1",
      "transform": [
        [
          -0.988026,
          -0.154288,
          0.0,
          0.0
        ],
        [
          0.154288,
          -0.988026,
          0.0,
          0.0
        ],
        [
          0.0,
          0.0,
          1.0,
          0.0
        ],
        [
          1.11737,
          -1.28434,
          -0.507346,
          1.0
        ]
      ],
      "parent_index": 2,
      "billboard_type": "Disabled"
    },
    {
      "name": "S_ShirttailBR2",
      "transform": [
        [
          0.998028,
          0.0627668,
          0.0,
          0.0
        ],
        [
          -0.0627668,
          0.998028,
          0.0,
          0.0
        ],
        [
          0.0,
          0.0,
          1.0,
          0.0
        ],
        [
          2.6395,
          0.0,
          0.0,
          1.0
        ]
      ],
      "parent_index": 54,
      "billboard_type": "Disabled"
    },
    {
      "name": "S_ShirttailBR3_null",
      "transform": [
        [
          0.996968,
          -0.0777465,
          0.0033437,
          0.0
        ],
        [
          0.0777469,
          0.996973,
          0.0,
          0.0
        ],
        [
          -0.00333358,
          0.000259962,
          0.999994,
          0.0
        ],
        [
          2.05105,
          0.0,
          0.0,
          1.0
        ]
      ],
      "parent_index": 55,
      "billboard_type": "Disabled"
    },
    {
      "name": "S_ShirttailBL1",
      "transform": [
        [
          -0.96781,
          -0.0824523,
          0.237792,
          0.0
        ],
        [
          0.214736,
          -0.763311,
          0.609298,
          0.0
        ],
        [
          0.131272,
          0.640748,
          0.756446,
          0.0
        ],
        [
          1.24871,
          -1.18192,
          0.908973,
          1.0
        ]
      ],
      "parent_index": 2,
      "billboard_type": "Disabled"
    },
    {
      "name": "S_ShirttailBL2",
      "transform": [
        [
          0.999973,
          -0.00733701,
          0.0,
          0.0
        ],
        [
          0.00733701,
          0.999973,
          0.0,
          0.0
        ],
        [
          0.0,
          0.0,
          1.0,
          0.0
        ],
        [
          2.20885,
          0.0,
          0.0,
          1.0
        ]
      ],
      "parent_index": 57,
      "billboard_type": "Disabled"
    },
    {
      "name": "S_ShirttailBL3",
      "transform": [
        [
          0.997964,
          0.0637853,
          0.0,
          0.0
        ],
        [
          -0.0636815,
          0.99634,
          0.0570183,
          0.0
        ],
        [
          0.00363693,
          -0.0569022,
          0.998373,
          0.0
        ],
        [
          2.01881,
          0.0,
          0.0,
          1.0
        ]
      ],
      "parent_index": 58,
      "billboard_type": "Disabled"
    },
    {
      "name": "S_ShirttailBL4_null",
      "transform": [
        [
          0.99897,
          -0.0115576,
          -0.043875,
          0.0
        ],
        [
          0.00904611,
          0.998332,
          -0.057016,
          0.0
        ],
        [
          0.0444608,
          0.0565603,
          0.997409,
          0.0
        ],
        [
          2.28528,
          0.0,
          0.0,
          1.0
        ]
      ],
      "parent_index": 59,
      "billboard_type": "Disabled"
    },
    {
      "name": "S_ShirttailFL1",
      "transform": [
        [
          0.948725,
          -0.313172,
          -0.0429388,
          0.0
        ],
        [
          -0.312852,
          -0.949696,
          0.0141595,
          0.0
        ],
        [
          -0.0452132,
          0.0,
          -0.998977,
          0.0
        ],
        [
          -0.324741,
          -0.737362,
          0.31739,
          1.0
        ]
      ],
      "parent_index": 29,
      "billboard_type": "Disabled"
    },
    {
      "name": "S_ShirttailFL2",
      "transform": [
        [
          0.99936,
          -0.035781,
          0.0,
          0.0
        ],
        [
          0.035781,
          0.99936,
          0.0,
          0.0
        ],
        [
          0.0,
          0.0,
          1.0,
          0.0
        ],
        [
          1.32583,
          0.0,
          0.0,
          1.0
        ]
      ],
      "parent_index": 61,
      "billboard_type": "Disabled"
    },
    {
      "name": "S_ShirttailFL3_null",
      "transform": [
        [
          0.997604,
          -0.0671827,
          -0.0165328,
          0.0
        ],
        [
          0.0671919,
          0.99774,
          0.0,
          0.0
        ],
        [
          0.0164955,
          -0.00111087,
          0.999863,
          0.0
        ],
        [
          1.49993,
          0.0,
          0.0,
          1.0
        ]
      ],
      "parent_index": 62,
      "billboard_type": "Disabled"
    },
    {
      "name": "S_ShirttailL1",
      "transform": [
        [
          0.951932,
          -0.108482,
          0.286455,
          0.0
        ],
        [
          -0.26558,
          0.173643,
          0.948322,
          0.0
        ],
        [
          -0.152616,
          -0.978816,
          0.136485,
          0.0
        ],
        [
          -1.46295,
          0.1131,
          0.64717,
          1.0
        ]
      ],
      "parent_index": 29,
      "billboard_type": "Disabled"
    },
    {
      "name": "S_ShirttailL2",
      "transform": [
        [
          0.999144,
          0.0413598,
          0.0,
          0.0
        ],
        [
          -0.0413598,
          0.999144,
          0.0,
          0.0
        ],
        [
          0.0,
          0.0,
          1.0,
          0.0
        ],
        [
          2.5044,
          0.0,
          0.0,
          1.0
        ]
      ],
      "parent_index": 64,
      "billboard_type": "Disabled"
    },
    {
      "name": "S_ShirttailL3",
      "transform": [
        [
          0.999725,
          0.0234411,
          0.0,
          0.0
        ],
        [
          -0.0234411,
          0.999725,
          0.0,
          0.0
        ],
        [
          0.0,
          0.0,
          1.0,
          0.0
        ],
        [
          1.98645,
          0.0,
          0.0,
          1.0
        ]
      ],
      "parent_index": 65,
      "billboard_type": "Disabled"
    },
    {
      "name": "S_ShirttailL4_null",
      "transform": [
        [
          0.999959,
          -0.00910516,
          0.0,
          0.0
        ],
        [
          0.00910516,
          0.999959,
          0.0,
          0.0
        ],
        [
          0.0,
          0.0,
          1.0,
          0.0
        ],
        [
          2.04117,
          0.0,
          0.0,
          1.0
        ]
      ],
      "parent_index": 66,
      "billboard_type": "Disabled"
    },
    {
      "name": "Brow_group",
      "transform": [
        [
          1.0,
          0.0,
          0.0,
          0.0
        ],
        [
          0.0,
          1.0,
          0.00000211548,
          0.0
        ],
        [
          0.0,
          -0.00000211548,
          1.0,
          0.0
        ],
        [
          0.0,
          0.0,
          0.0,
          1.0
        ]
      ],
      "parent_index": 7,
      "billboard_type": "Disabled"
    },
    {
      "name": "BrowL1",
      "transform": [
        [
          1.0,
          0.0,
          0.0,
          0.0
        ],
        [
          0.0,
          1.0,
          0.0,
          0.0
        ],
        [
          0.0,
          0.0,
          1.0,
          0.0
        ],
        [
          0.0,
          0.0,
          0.0,
          1.0
        ]
      ],
      "parent_index": 138,
      "billboard_type": "Disabled"
    },
    {
      "name": "BrowL2",
      "transform": [
        [
          1.0,
          0.0,
          0.0,
          0.0
        ],
        [
          0.0,
          1.0,
          0.0,
          0.0
        ],
        [
          0.0,
          0.0,
          1.0,
          0.0
        ],
        [
          0.0,
          0.0,
          0.0,
          1.0
        ]
      ],
      "parent_index": 139,
      "billboard_type": "Disabled"
    },
    {
      "name": "BrowL3",
      "transform": [
        [
          1.0,
          0.0,
          0.0,
          0.0
        ],
        [
          0.0,
          1.0,
          0.0,
          0.0
        ],
        [
          0.0,
          0.0,
          1.0,
          0.0
        ],
        [
          0.0,
          0.0,
          0.0,
          1.0
        ]
      ],
      "parent_index": 140,
      "billboard_type": "Disabled"
    },
    {
      "name": "BrowR1",
      "transform": [
        [
          1.0,
          0.0,
          0.0,
          0.0
        ],
        [
          0.0,
          1.0,
          0.0,
          0.0
        ],
        [
          0.0,
          0.0,
          1.0,
          0.0
        ],
        [
          0.0,
          0.0,
          0.0,
          1.0
        ]
      ],
      "parent_index": 141,
      "billboard_type": "Disabled"
    },
    {
      "name": "BrowR2",
      "transform": [
        [
          1.0,
          0.0,
          0.0,
          0.0
        ],
        [
          0.0,
          1.0,
          0.0,
          0.0
        ],
        [
          0.0,
          0.0,
          1.0,
          0.0
        ],
        [
          0.0,
          0.0,
          0.0,
          1.0
        ]
      ],
      "parent_index": 142,
      "billboard_type": "Disabled"
    },
    {
      "name": "BrowR3",
      "transform": [
        [
          1.0,
          0.0,
          0.0,
          0.0
        ],
        [
          0.0,
          1.0,
          0.0,
          0.0
        ],
        [
          0.0,
          0.0,
          1.0,
          0.0
        ],
        [
          0.0,
          0.0,
          0.0,
          1.0
        ]
      ],
      "parent_index": 143,
      "billboard_type": "Disabled"
    },
    {
      "name": "Mouth_group",
      "transform": [
        [
          1.0,
          0.0,
          0.0,
          0.0
        ],
        [
          0.0,
          1.0,
          0.0,
          0.0
        ],
        [
          0.0,
          0.0,
          1.0,
          0.0
        ],
        [
          0.0,
          0.0,
          0.0,
          1.0
        ]
      ],
      "parent_index": 7,
      "billboard_type": "Disabled"
    },
    {
      "name": "UplipL1",
      "transform": [
        [
          1.0,
          0.0,
          0.0,
          0.0
        ],
        [
          0.0,
          1.0,
          0.0,
          0.0
        ],
        [
          0.0,
          0.0,
          1.0,
          0.0
        ],
        [
          0.0,
          0.0,
          0.0,
          1.0
        ]
      ],
      "parent_index": 144,
      "billboard_type": "Disabled"
    },
    {
      "name": "UplipR1",
      "transform": [
        [
          1.0,
          0.0,
          0.0,
          0.0
        ],
        [
          0.0,
          1.0,
          0.0,
          0.0
        ],
        [
          0.0,
          0.0,
          1.0,
          0.0
        ],
        [
          0.0,
          0.0,
          0.0,
          1.0
        ]
      ],
      "parent_index": 145,
      "billboard_type": "Disabled"
    },
    {
      "name": "UplipL2",
      "transform": [
        [
          1.0,
          0.0,
          0.0,
          0.0
        ],
        [
          0.0,
          1.0,
          0.0,
          0.0
        ],
        [
          0.0,
          0.0,
          1.0,
          0.0
        ],
        [
          0.0,
          0.0,
          0.0,
          1.0
        ]
      ],
      "parent_index": 146,
      "billboard_type": "Disabled"
    },
    {
      "name": "UplipR2",
      "transform": [
        [
          1.0,
          0.0,
          0.0,
          0.0
        ],
        [
          0.0,
          1.0,
          0.0,
          0.0
        ],
        [
          0.0,
          0.0,
          1.0,
          0.0
        ],
        [
          0.0,
          0.0,
          0.0,
          1.0
        ]
      ],
      "parent_index": 147,
      "billboard_type": "Disabled"
    },
    {
      "name": "UplipC",
      "transform": [
        [
          1.0,
          0.0,
          0.0,
          0.0
        ],
        [
          0.0,
          1.0,
          0.0,
          0.0
        ],
        [
          0.0,
          0.0,
          1.0,
          0.0
        ],
        [
          0.0,
          0.0,
          0.0,
          1.0
        ]
      ],
      "parent_index": 148,
      "billboard_type": "Disabled"
    },
    {
      "name": "Jaw",
      "transform": [
        [
          1.0,
          0.0,
          0.0,
          0.0
        ],
        [
          0.0,
          1.0,
          0.0,
          0.0
        ],
        [
          0.0,
          0.0,
          1.0,
          0.0
        ],
        [
          0.0,
          0.0,
          0.0,
          1.0
        ]
      ],
      "parent_index": 149,
      "billboard_type": "Disabled"
    },
    {
      "name": "Tongue",
      "transform": [
        [
          1.0,
          0.0,
          0.0,
          0.0
        ],
        [
          0.0,
          1.0,
          0.0,
          0.0
        ],
        [
          0.0,
          0.0,
          1.0,
          0.0
        ],
        [
          0.0,
          0.0,
          0.0,
          1.0
        ]
      ],
      "parent_index": 150,
      "billboard_type": "Disabled"
    },
    {
      "name": "DownlipC",
      "transform": [
        [
          1.0,
          0.0,
          0.0,
          0.0
        ],
        [
          0.0,
          1.0,
          0.0,
          0.0
        ],
        [
          0.0,
          0.0,
          1.0,
          0.0
        ],
        [
          0.0,
          0.0,
          0.0,
          1.0
        ]
      ],
      "parent_index": 151,
      "billboard_type": "Disabled"
    },
    {
