{
  "major_version": 1,
  "minor_version": 0,
  "bones": [
    {
      "name": "Trans",
      "transform": [
        [
          1.0,
          0.0,
          0.0,
          0.0
        ],
        [
          0.0,
          1.0,
          0.0,
          0.0
        ],
        [
          0.0,
          0.0,
          1.0,
          0.0
        ],
        [
          0.0,
          0.0,
          0.0,
          1.0
        ]
      ],
      "parent_index": null,
      "billboard_type": "Disabled"
    },
    {
      "name": "Rot",
      "transform": [
        [
          1.0,
          0.0,
          0.0,
          0.0
        ],
        [
          0.0,
          1.0,
          0.0,
          0.0
        ],
        [
          0.0,
          0.0,
          1.0,
          0.0
        ],
        [
          0.0,
          6.4017,
          0.119638,
          1.0
        ]
      ],
      "parent_index": 0,
      "billboard_type": "Disabled"
    },
    {
      "name": "Hip",
      "transform": [
        [
          0.0,
          0.879614,
          0.475689,
          0.0
        ],
        [
          0.0,
          -0.475689,
          0.879614,
          0.0
        ],
        [
          1.0,
          0.0,
          0.0,
          0.0
        ],
        [
          0.0,
          0.0,
          0.0,
          1.0
        ]
      ],
      "parent_index": 1,
      "billboard_type": "Disabled"
    },
    {
      "name": "Waist",
      "transform": [
        [
          0.988963,
          -0.148163,
          0.0,
          0.0
        ],
        [
          0.148163,
          0.988963,
          0.0,
          0.0
        ],
        [
          0.0,
          0.0,
          1.0,
          0.0
        ],
        [
          1.10421,
          0.0,
          0.0,
          1.0
        ]
      ],
      "parent_index": 2,
      "billboard_type": "Disabled"
    },
    {
      "name": "Bust",
      "transform": [
        [
          0.99484,
          -0.101455,
          0.0,
          0.0
        ],
        [
          0.101455,
          0.99484,
          0.0,
          0.0
        ],
        [
          0.0,
          0.0,
          1.0,
          0.0
        ],
        [
          2.22986,
          0.0,
          0.0,
          1.0
        ]
      ],
      "parent_index": 3,
      "billboard_type": "Disabled"
    },
    {
      "name": "Neck",
      "transform": [
        [
          0.926118,
          0.377234,
          0.0,
          0.0
        ],
        [
          -0.377234,
          0.926118,
          0.0,
          0.0
        ],
        [
          0.0,
          0.0,
          1.0,
          0.0
        ],
        [
          2.38131,
          0.0,
          0.0,
          1.0
        ]
      ],
      "parent_index": 4,
      "billboard_type": "Disabled"
    },
    {
      "name": "Head",
      "transform": [
        [
          0.806722,
          -0.590932,
          0.0,
          0.0
        ],
        [
          0.590932,
          0.806722,
          0.0,
          0.0
        ],
        [
          0.0,
          0.0,
          1.0,
          0.0
        ],
        [
          6.1102,
          0.0,
          0.0,
          1.0
        ]
      ],
      "parent_index": 5,
      "billboard_type": "Disabled"
    },
    {
      "name": "Neck2",
      "transform": [
        [
          1.0,
          0.0,
          0.0,
          0.0
        ],
        [
          0.0,
          1.0,
          0.0,
          0.0
        ],
        [
          0.0,
          0.0,
          1.0,
          0.0
        ],
        [
          3.055,
          0.0,
          0.0,
          1.0
        ]
      ],
      "parent_index": 5,
      "billboard_type": "Disabled"
    },
    {
      "name": "Wingbase",
      "transform": [
        [
          1.0,
          0.0,
          0.0,
          0.0
        ],
        [
          0.0,
          1.0,
          0.0,
          0.0
        ],
        [
          0.0,
          0.0,
          1.0,
          0.0
        ],
        [
          0.0,
          0.0,
          0.0,
          1.0
        ]
      ],
      "parent_index": 4,
      "billboard_type": "Disabled"
    },
    {
      "name": "WingL1",
      "transform": [
        [
          0.828502,
          -0.235035,
          0.508275,
          0.0
        ],
        [
          0.265173,
          0.964105,
          0.0135798,
          0.0
        ],
        [
          -0.493222,
          0.12353,
          0.861088,
          0.0
        ],
        [
          1.54324,
          -2.65808,
          0.7053,
          1.0
        ]
      ],
      "parent_index": 8,
      "billboard_type": "Disabled"
    },
    {
      "name": "WingL2",
      "transform": [
        [
          0.948034,
          0.0686456,
          0.310676,
          0.0
        ],
        [
          -0.0867372,
          0.995224,
          0.0447799,
          0.0
        ],
        [
          -0.306118,
          -0.0694,
          0.94946,
          0.0
        ],
        [
          3.61458,
          0.0,
          0.0,
          1.0
        ]
      ],
      "parent_index": 9,
      "billboard_type": "Disabled"
    },
    {
      "name": "WingL3",
      "transform": [
        [
          0.89643,
          0.273391,
          -0.348812,
          0.0
        ],
        [
          -0.261586,
          0.961731,
          0.0815199,
          0.0
        ],
        [
          0.35775,
          0.0181675,
          0.933641,
          0.0
        ],
        [
          3.47306,
          0.0,
          0.0,
          1.0
        ]
      ],
      "parent_index": 10,
      "billboard_type": "Disabled"
    },
    {
      "name": "WingL4",
      "transform": [
        [
          -0.0834312,
          -0.231008,
          0.969368,
          0.0
        ],
        [
          0.433376,
          0.867542,
          0.244042,
          0.0
        ],
        [
          -0.897343,
          0.440462,
          0.0277332,
          0.0
        ],
        [
          3.90312,
          0.0,
          0.0,
          1.0
        ]
      ],
      "parent_index": 11,
      "billboard_type": "Disabled"
    },
    {
      "name": "WingL5",
      "transform": [
        [
          0.798715,
          -0.180008,
          0.574152,
          0.0
        ],
        [
          -0.0135477,
          0.948581,
          0.316244,
          0.0
        ],
        [
          -0.601556,
          -0.260368,
          0.755208,
          0.0
        ],
        [
          6.6889,
          0.0,
          0.0,
          1.0
        ]
      ],
      "parent_index": 12,
      "billboard_type": "Disabled"
    },
    {
      "name": "WingL7",
      "transform": [
        [
          0.639757,
          -0.379579,
          0.668304,
          0.0
        ],
        [
          0.0271416,
          0.88015,
          0.473919,
          0.0
        ],
        [
          -0.768098,
          -0.285054,
          0.573385,
          0.0
        ],
        [
          -0.263103,
          0.285617,
          -0.225237,
          1.0
        ]
      ],
      "parent_index": 12,
      "billboard_type": "Disabled"
    },
    {
      "name": "WingR1",
      "transform": [
        [
          0.828502,
          -0.235035,
          -0.508275,
          0.0
        ],
        [
          0.265173,
          0.964105,
          -0.0135798,
          0.0
        ],
        [
          0.493222,
          -0.12353,
          0.861088,
          0.0
        ],
        [
          1.54324,
          -2.65808,
          -0.7053,
          1.0
        ]
      ],
      "parent_index": 8,
      "billboard_type": "Disabled"
    },
    {
      "name": "WingR2",
      "transform": [
        [
          0.948034,
          0.0686456,
          -0.310676,
          0.0
        ],
        [
          -0.0867372,
          0.995224,
          -0.0447799,
          0.0
        ],
        [
          0.306118,
          0.0694,
          0.94946,
          0.0
        ],
        [
          3.61458,
          0.0,
          0.0,
          1.0
        ]
      ],
      "parent_index": 15,
      "billboard_type": "Disabled"
    },
    {
      "name": "WingR3",
      "transform": [
        [
          0.89643,
          0.273391,
          0.348812,
          0.0
        ],
        [
          -0.261586,
          0.961731,
          -0.0815199,
          0.0
        ],
        [
          -0.35775,
          -0.0181675,
          0.933641,
          0.0
        ],
        [
          3.47306,
          0.0,
          0.0,
          1.0
        ]
      ],
      "parent_index": 16,
      "billboard_type": "Disabled"
    },
    {
      "name": "WingR4",
      "transform": [
        [
          -0.0834312,
          -0.231008,
          -0.969368,
          0.0
        ],
        [
          0.433376,
          0.867542,
          -0.244042,
          0.0
        ],
        [
          0.897343,
          -0.440462,
          0.0277332,
          0.0
        ],
        [
          3.90312,
          0.0,
          0.0,
          1.0
        ]
      ],
      "parent_index": 17,
      "billboard_type": "Disabled"
    },
    {
      "name": "WingR5",
      "transform": [
        [
          0.798715,
          -0.180008,
          -0.574152,
          0.0
        ],
        [
          -0.0135476,
          0.948581,
          -0.316244,
          0.0
        ],
        [
          0.601556,
          0.260368,
          0.755208,
          0.0
        ],
        [
          6.6889,
          0.0,
          0.0,
          1.0
        ]
      ],
      "parent_index": 18,
      "billboard_type": "Disabled"
    },
    {
      "name": "WingR7",
      "transform": [
        [
          0.639757,
          -0.379579,
          -0.668304,
          0.0
        ],
        [
          0.0271416,
          0.88015,
          -0.473919,
          0.0
        ],
        [
          0.768098,
          0.285054,
          0.573385,
          0.0
        ],
        [
          -0.263103,
          0.285617,
          0.225237,
          1.0
        ]
      ],
      "parent_index": 18,
      "billboard_type": "Disabled"
    },
    {
      "name": "ClavicleC",
      "transform": [
        [
          0.970038,
          -0.242955,
          0.0,
          0.0
        ],
        [
          0.242955,
          0.970038,
          0.0,
          0.0
        ],
        [
          0.0,
          0.0,
          1.0,
          0.0
        ],
        [
          1.01852,
          0.363264,
          0.0,
          1.0
        ]
      ],
      "parent_index": 4,
      "billboard_type": "Disabled"
    },
    {
      "name": "ClavicleL",
      "transform": [
        [
          0.0,
          0.0,
          1.0,
          0.0
        ],
        [
          0.0,
          1.0,
          0.0,
          0.0
        ],
        [
          -1.0,
          0.0,
          0.0,
          0.0
        ],
        [
          0.0,
          0.0,
          0.699576,
          1.0
        ]
      ],
      "parent_index": 21,
      "billboard_type": "Disabled"
    },
    {
      "name": "ShoulderL",
      "transform": [
        [
          0.998297,
          0.0354292,
          0.0463551,
          0.0
        ],
        [
          -0.0354673,
          0.999371,
          0.0,
          0.0
        ],
        [
          -0.0463259,
          -0.00164409,
          0.998925,
          0.0
        ],
        [
          1.80007,
          -0.755662,
          -0.384971,
          1.0
        ]
      ],
      "parent_index": 22,
      "billboard_type": "Disabled"
    },
    {
      "name": "ArmL",
      "transform": [
        [
          0.991923,
          -0.05332,
          -0.115091,
          0.0
        ],
        [
          0.0536766,
          0.998558,
          0.0,
          0.0
        ],
        [
          0.114925,
          -0.00617771,
          0.993355,
          0.0
        ],
        [
          3.66658,
          0.0,
          0.0,
          1.0
        ]
      ],
      "parent_index": 23,
      "billboard_type": "Disabled"
    },
    {
      "name": "HandL",
      "transform": [
        [
          0.997456,
          0.018169,
          0.0689305,
          0.0
        ],
        [
          -0.0179542,
          0.999832,
          -0.00373509,
          0.0
        ],
        [
          -0.0689868,
          0.002488,
          0.997614,
          0.0
        ],
        [
          2.50638,
          0.0,
          0.0,
          1.0
        ]
      ],
      "parent_index": 24,
      "billboard_type": "Disabled"
    },
    {
      "name": "HaveL",
      "transform": [
        [
          0.0,
          -1.0,
          0.0,
          0.0
        ],
        [
          0.0,
          0.0,
          -1.0,
          0.0
        ],
        [
          1.0,
          0.0,
          0.0,
          0.0
        ],
        [
          1.7,
          0.691218,
          -0.202776,
          1.0
        ]
      ],
      "parent_index": 25,
      "billboard_type": "Disabled"
    },
    {
      "name": "ClavicleR",
      "transform": [
        [
          0.0,
          0.0,
          -1.0,
          0.0
        ],
        [
          0.0,
          1.0,
          0.0,
          0.0
        ],
        [
          1.0,
          0.0,
          0.0,
          0.0
        ],
        [
          0.0,
          0.0,
          -0.700497,
          1.0
        ]
      ],
      "parent_index": 21,
      "billboard_type": "Disabled"
    },
    {
      "name": "ShoulderR",
      "transform": [
        [
          0.998296,
          0.0354362,
          -0.0463642,
          0.0
        ],
        [
          -0.0354743,
          0.999371,
          0.0,
          0.0
        ],
        [
          0.0463351,
          0.00164474,
          0.998925,
          0.0
        ],
        [
          1.79988,
          -0.755659,
          0.384944,
          1.0
        ]
      ],
      "parent_index": 27,
      "billboard_type": "Disabled"
    },
    {
      "name": "ArmR",
      "transform": [
        [
          0.991921,
          -0.053327,
          0.1151,
          0.0
        ],
        [
          0.0536837,
          0.998558,
          0.0,
          0.0
        ],
        [
          -0.114934,
          0.00617901,
          0.993354,
          0.0
        ],
        [
          3.66585,
          0.0,
          0.0,
          1.0
        ]
      ],
      "parent_index": 28,
      "billboard_type": "Disabled"
    },
    {
      "name": "HandR",
      "transform": [
        [
          0.997456,
          0.0181691,
          -0.0689305,
          0.0
        ],
        [
          -0.0179542,
          0.999832,
          0.00373591,
          0.0
        ],
        [
          0.0689868,
          -0.00248882,
          0.997614,
          0.0
        ],
        [
          2.50638,
          0.0,
          0.0,
          1.0
        ]
      ],
      "parent_index": 29,
      "billboard_type": "Disabled"
    },
    {
      "name": "HaveR",
      "transform": [
        [
          0.0,
          1.0,
          0.0,
          0.0
        ],
        [
          0.0,
          0.0,
          1.0,
          0.0
        ],
        [
          1.0,
          0.0,
          0.0,
          0.0
        ],
        [
          1.7,
          0.691218,
          0.202776,
          1.0
        ]
      ],
      "parent_index": 30,
      "billboard_type": "Disabled"
    },
    {
      "name": "Tail1",
      "transform": [
        [
          -0.871205,
          -0.49092,
          0.0,
          0.0
        ],
        [
          0.49092,
          -0.871205,
          0.0,
          0.0
        ],
        [
          0.0,
          0.0,
          1.0,
          0.0
        ],
        [
          -1.46271,
          -0.562701,
          0.0,
          1.0
        ]
      ],
      "parent_index": 2,
      "billboard_type": "Disabled"
    },
    {
      "name": "Tail2",
      "transform": [
        [
          0.924281,
          0.381712,
          0.0,
          0.0
        ],
        [
          -0.381712,
          0.924281,
          0.0,
          0.0
        ],
        [
          0.0,
          0.0,
          1.0,
          0.0
        ],
        [
          4.73443,
          0.0,
          0.0,
          1.0
        ]
      ],
      "parent_index": 32,
      "billboard_type": "Disabled"
    },
    {
      "name": "Tail3",
      "transform": [
        [
          0.990705,
          0.136031,
          0.0,
          0.0
        ],
        [
          -0.136031,
          0.990705,
          0.0,
          0.0
        ],
        [
          0.0,
          0.0,
          1.0,
          0.0
        ],
        [
          7.36351,
          0.0,
          0.0,
          1.0
        ]
      ],
      "parent_index": 33,
      "billboard_type": "Disabled"
    },
    {
      "name": "Tail4",
      "transform": [
        [
          0.999858,
          0.0168212,
          0.0,
          0.0
        ],
        [
          -0.0168212,
          0.999858,
          0.0,
          0.0
        ],
        [
          0.0,
          0.0,
          1.0,
          0.0
        ],
        [
          6.0,
          0.0,
          0.0,
          1.0
        ]
      ],
      "parent_index": 34,
      "billboard_type": "Disabled"
    },
    {
      "name": "Fire",
      "transform": [
        [
          0.767388,
          0.641182,
          0.0,
          0.0
        ],
        [
          -0.641182,
          0.767388,
          0.0,
          0.0
        ],
        [
          0.0,
          0.0,
          1.0,
          0.0
        ],
        [
          6.0,
          0.0,
          0.0,
          1.0
        ]
      ],
      "parent_index": 35,
      "billboard_type": "Disabled"
    },
    {
      "name": "LegC",
      "transform": [
        [
          0.879615,
          -0.475686,
          0.0,
          0.0
        ],
        [
          0.475686,
          0.879615,
          0.0,
          0.0
        ],
        [
          0.0,
          0.0,
          1.0,
          0.0
        ],
        [
          0.037175,
          0.594296,
          0.0,
          1.0
        ]
      ],
      "parent_index": 2,
      "billboard_type": "Disabled"
    },
    {
      "name": "LegL",
      "transform": [
        [
          -0.861286,
          0.497013,
          0.105657,
          0.0
        ],
        [
          -0.499811,
          -0.866134,
          0.0,
          0.0
        ],
        [
          0.0915135,
          -0.0528088,
          0.994403,
          0.0
        ],
        [
          0.0,
          0.0,
          3.89976,
          1.0
        ]
      ],
      "parent_index": 37,
      "billboard_type": "Disabled"
    },
    {
      "name": "KneeL",
      "transform": [
        [
          0.434142,
          0.900837,
          0.00364935,
          0.0
        ],
        [
          -0.900843,
          0.434145,
          0.0,
          0.0
        ],
        [
          -0.00158435,
          -0.00328749,
          0.999993,
          0.0
        ],
        [
          2.80565,
          0.0,
          0.0,
          1.0
        ]
      ],
      "parent_index": 38,
      "billboard_type": "Disabled"
    },
    {
      "name": "FootL",
      "transform": [
        [
          0.843038,
          -0.529806,
          -0.0926921,
          0.0
        ],
        [
          0.535571,
          0.842761,
          0.054016,
          0.0
        ],
        [
          0.0494993,
          -0.0951807,
          0.994229,
          0.0
        ],
        [
          2.81096,
          0.0,
          0.0,
          1.0
        ]
      ],
      "parent_index": 39,
      "billboard_type": "Disabled"
    },
    {
      "name": "ToeL",
      "transform": [
        [
          0.0,
          -1.0,
          0.0,
          0.0
        ],
        [
          1.0,
          0.0,
          0.0,
          0.0
        ],
        [
          0.0,
          0.0,
          1.0,
          0.0
        ],
        [
          0.886884,
          -1.59893,
          0.084863,
          1.0
        ]
      ],
      "parent_index": 40,
      "billboard_type": "Disabled"
    },
    {
      "name": "LegR",
      "transform": [
        [
          -0.861287,
          0.497014,
          -0.105655,
          0.0
        ],
        [
          -0.499811,
          -0.866134,
          0.0,
          0.0
        ],
        [
          -0.0915112,
          0.0528074,
          0.994403,
          0.0
        ],
        [
          0.0,
          0.0,
          -3.89976,
          1.0
        ]
      ],
      "parent_index": 37,
      "billboard_type": "Disabled"
    },
    {
      "name": "KneeR",
      "transform": [
        [
          0.434142,
          0.900837,
          -0.0036504,
          0.0
        ],
        [
          -0.900843,
          0.434145,
          0.0,
          0.0
        ],
        [
          0.0015848,
          0.00328843,
          0.999993,
          0.0
        ],
        [
          2.80565,
          0.0,
          0.0,
          1.0
        ]
      ],
      "parent_index": 42,
      "billboard_type": "Disabled"
    },
    {
      "name": "FootR",
      "transform": [
        [
          0.843038,
          -0.529806,
          0.0926907,
          0.0
        ],
        [
          0.535571,
          0.842761,
          -0.054014,
          0.0
        ],
        [
          -0.0494992,
          0.0951784,
          0.994229,
          0.0
        ],
        [
          2.81096,
          0.0,
          0.0,
          1.0
        ]
      ],
      "parent_index": 43,
      "billboard_type": "Disabled"
    },
    {
      "name": "ToeR",
      "transform": [
        [
          0.0,
          -1.0,
          0.0,
          0.0
        ],
        [
          1.0,
          0.0,
          0.0,
          0.0
        ],
        [
          0.0,
          0.0,
          1.0,
          0.0
        ],
        [
          0.886889,
          -1.59893,
          -0.08487,
          1.0
        ]
      ],
      "parent_index": 44,
      "billboard_type": "Disabled"
    },
    {
      "name": "Throw",
      "transform": [
        [
          1.0,
          0.0,
          0.0,
          0.0
        ],
        [
          0.0,
          1.0,
          0.0,
          0.0
        ],
        [
          0.0,
          0.0,
          1.0,
          0.0
        ],
        [
          0.0,
          -6.4017,
          -0.119638,
          1.0
        ]
      ],
      "parent_index": 1,
      "billboard_type": "Disabled"
    },
    {
      "name": "S_Fire1",
      "transform": [
        [
          0.62806,
          0.778165,
          0.0,
          0.0
        ],
        [
          -0.778165,
          0.62806,
          0.0,
          0.0
        ],
        [
          0.0,
          0.0,
          1.0,
          0.0
        ],
        [
          0.0,
          0.0,
          0.0,
          1.0
        ]
      ],
      "parent_index": 36,
      "billboard_type": "Disabled"
    },
    {
      "name": "S_Fire2_null",
      "transform": [
        [
          1.0,
          0.0,
          0.0,
          0.0
        ],
        [
          0.0,
          1.0,
          0.0,
          0.0
        ],
        [
          0.0,
          0.0,
          1.0,
          0.0
        ],
        [
          5.0,
          0.0,
          0.0,
          1.0
        ]
      ],
      "parent_index": 47,
      "billboard_type": "Disabled"
    },
    {
      "name": "Mouth1",
      "transform": [
        [
          1.0,
          0.0,
          0.0,
          0.0
        ],
        [
          0.0,
          1.0,
          0.0,
          0.0
        ],
        [
          0.0,
          0.0,
          1.0,
          0.0
        ],
        [
          -0.128529,
          1.80073,
          0.0,
          1.0
        ]
      ],
      "parent_index": 6,
      "billboard_type": "Disabled"
    },
    {
      "name": "Mouth2",
      "transform": [
        [
          1.0,
          0.0,
          0.0,
          0.0
        ],
        [
          0.0,
          1.0,
          0.0,
          0.0
        ],
        [
          0.0,
          0.0,
          1.0,
          0.0
        ],
        [
          -0.229004,
          0.49394,
          0.0,
          1.0
        ]
      ],
      "parent_index": 49,
      "billboard_type": "Disabled"
    },
    {
      "name": "FingerL10",
      "transform": [
        [
          1.0,
          0.0,
          0.0,
          0.0
        ],
        [
          0.0,
          1.0,
          0.0,
          0.0
        ],
        [
          0.0,
          0.0,
          1.0,
          0.0
        ],
        [
          0.3,
          0.0,
          0.0,
          1.0
        ]
      ],
      "parent_index": 25,
      "billboard_type": "Disabled"
    },
    {
      "name": "FingerL20",
      "transform": [
        [
          1.0,
          0.0,
          0.0,
          0.0
        ],
        [
          0.0,
          1.0,
          0.0,
          0.0
        ],
        [
          0.0,
          0.0,
          1.0,
          0.0
        ],
        [
          0.0,
          0.0,
          0.16,
          1.0
        ]
      ],
      "parent_index": 51,
      "billboard_type": "Disabled"
    },
    {
      "name": "FingerL21",
      "transform": [
        [
          0.895591,
          0.239973,
          0.374607,
          0.0
        ],
        [
          -0.258819,
          0.965926,
          0.0,
          0.0
        ],
        [
          -0.361842,
          -0.0969553,
          0.927184,
          0.0
        ],
        [
          1.25,
          -0.45,
          0.66,
          1.0
        ]
      ],
      "parent_index": 52,
      "billboard_type": "Disabled"
    },
    {
      "name": "FingerL22",
      "transform": [
        [
          0.965926,
          0.258819,
          0.0,
          0.0
        ],
        [
          -0.258819,
          0.965926,
          0.0,
          0.0
        ],
        [
          0.0,
          0.0,
          1.0,
          0.0
        ],
        [
          0.775725,
          0.0,
          0.0,
          1.0
        ]
      ],
      "parent_index": 53,
      "billboard_type": "Disabled"
    },
    {
      "name": "FingerL23",
      "transform": [
        [
          0.866025,
          0.5,
          0.0,
          0.0
        ],
        [
          -0.5,
          0.866025,
          0.0,
          0.0
        ],
        [
          0.0,
          0.0,
          1.0,
          0.0
        ],
        [
          0.615295,
          0.0,
          0.0,
          1.0
        ]
      ],
      "parent_index": 54,
      "billboard_type": "Disabled"
    },
    {
      "name": "FingerL51",
      "transform": [
        [
          0.866025,
          0.0,
          -0.5,
          0.0
        ],
        [
          0.0,
          1.0,
          0.0,
          0.0
        ],
        [
          0.5,
          0.0,
          0.866025,
          0.0
        ],
        [
          0.25,
          -0.1,
          -0.35,
          1.0
        ]
      ],
      "parent_index": 51,
      "billboard_type": "Disabled"
    },
    {
      "name": "FingerL52",
      "transform": [
        [
          0.939693,
          0.0,
          -0.34202,
          0.0
        ],
        [
          0.0,
          1.0,
          0.0,
          0.0
        ],
        [
          0.34202,
          0.0,
          0.939693,
          0.0
        ],
        [
          0.528808,
          0.0,
          0.0,
          1.0
        ]
      ],
      "parent_index": 56,
      "billboard_type": "Disabled"
    },
    {
      "name": "FingerL53",
      "transform": [
        [
          0.939693,
          0.34202,
          0.0,
          0.0
        ],
        [
          -0.34202,
          0.939693,
          0.0,
          0.0
        ],
        [
          0.0,
          0.0,
          1.0,
          0.0
        ],
        [
          0.618442,
          0.0,
          0.0,
          1.0
        ]
      ],
      "parent_index": 57,
      "billboard_type": "Disabled"
    },
    {
      "name": "FingerL11",
      "transform": [
        [
          0.990268,
          0.139173,
          0.0,
          0.0
        ],
        [
          -0.139173,
          0.990268,
          0.0,
          0.0
        ],
        [
          0.0,
          0.0,
          1.0,
          0.0
        ],
        [
          1.45,
          -0.45,
          0.05,
          1.0
        ]
      ],
      "parent_index": 51,
      "billboard_type": "Disabled"
    },
    {
      "name": "FingerL12",
      "transform": [
        [
          0.866025,
          0.5,
          0.0,
          0.0
        ],
        [
          -0.5,
          0.866025,
          0.0,
          0.0
        ],
        [
          0.0,
          0.0,
          1.0,
          0.0
        ],
        [
          0.960557,
          0.0,
          0.0,
          1.0
        ]
      ],
      "parent_index": 59,
      "billboard_type": "Disabled"
    },
    {
      "name": "FingerL13",
      "transform": [
        [
          0.866025,
          0.5,
          0.0,
          0.0
        ],
        [
          -0.5,
          0.866025,
          0.0,
          0.0
        ],
        [
          0.0,
          0.0,
          1.0,
          0.0
        ],
        [
          0.607064,
          0.0,
          0.0,
          1.0
        ]
      ],
      "parent_index": 60,
      "billboard_type": "Disabled"
    },
    {
      "name": "FingerR10",
      "transform": [
        [
          1.0,
          0.0,
          0.0,
          0.0
        ],
        [
          0.0,
          1.0,
          0.0,
          0.0
        ],
        [
          0.0,
          0.0,
          1.0,
          0.0
        ],
        [
          0.3,
          0.0,
          0.0,
          1.0
        ]
      ],
      "parent_index": 30,
      "billboard_type": "Disabled"
    },
    {
      "name": "FingerR20",
      "transform": [
        [
          1.0,
          0.0,
          0.0,
          0.0
        ],
        [
          0.0,
          1.0,
          0.0,
          0.0
        ],
        [
          0.0,
          0.0,
          1.0,
          0.0
        ],
        [
          0.0,
          0.0,
          -0.16,
          1.0
        ]
      ],
      "parent_index": 62,
      "billboard_type": "Disabled"
    },
    {
      "name": "FingerR21",
      "transform": [
        [
          0.895591,
          0.239973,
          -0.374607,
          0.0
        ],
        [
          -0.258819,
          0.965926,
          0.0,
          0.0
        ],
        [
          0.361842,
          0.0969553,
          0.927184,
          0.0
        ],
        [
          1.25,
          -0.45,
          -0.66,
          1.0
        ]
      ],
      "parent_index": 63,
      "billboard_type": "Disabled"
    },
    {
      "name": "FingerR22",
      "transform": [
        [
          0.965926,
          0.258819,
          0.0,
          0.0
        ],
        [
          -0.258819,
          0.965926,
          0.0,
          0.0
        ],
        [
          0.0,
          0.0,
          1.0,
          0.0
        ],
        [
          0.775725,
          0.0,
          0.0,
          1.0
        ]
      ],
      "parent_index": 64,
      "billboard_type": "Disabled"
    },
    {
      "name": "FingerR23",
      "transform": [
        [
          0.866025,
          0.5,
          0.0,
          0.0
        ],
        [
          -0.5,
          0.866025,
          0.0,
          0.0
        ],
        [
          0.0,
          0.0,
          1.0,
          0.0
        ],
        [
          0.615295,
          0.0,
          0.0,
          1.0
        ]
      ],
      "parent_index": 65,
      "billboard_type": "Disabled"
    },
    {
      "name": "FingerR11",
      "transform": [
        [
          0.990268,
          0.139173,
          0.0,
          0.0
        ],
        [
          -0.139173,
          0.990268,
          0.0,
          0.0
        ],
        [
          0.0,
          0.0,
          1.0,
          0.0
        ],
        [
          1.45,
          -0.45,
          -0.05,
          1.0
        ]
      ],
      "parent_index": 62,
      "billboard_type": "Disabled"
    },
    {
      "name": "FingerR12",
      "transform": [
        [
          0.866025,
          0.5,
          0.0,
          0.0
        ],
        [
          -0.5,
          0.866025,
          0.0,
          0.0
        ],
        [
          0.0,
          0.0,
          1.0,
          0.0
        ],
        [
          0.960557,
          0.0,
          0.0,
          1.0
        ]
      ],
      "parent_index": 67,
      "billboard_type": "Disabled"
    },
    {
      "name": "FingerR13",
      "transform": [
        [
          0.866025,
          0.5,
          0.0,
          0.0
        ],
        [
          -0.5,
          0.866025,
          0.0,
          0.0
        ],
        [
          0.0,
          0.0,
          1.0,
          0.0
        ],
        [
          0.607064,
          0.0,
          0.0,
          1.0
        ]
      ],
      "parent_index": 68,
      "billboard_type": "Disabled"
    },
    {
      "name": "FingerR51",
      "transform": [
        [
          0.866025,
          0.0,
          0.5,
          0.0
        ],
        [
          0.0,
          1.0,
          0.0,
          0.0
        ],
        [
          -0.5,
          0.0,
          0.866025,
          0.0
        ],
        [
          0.25,
          -0.1,
          0.35,
          1.0
        ]
      ],
      "parent_index": 62,
      "billboard_type": "Disabled"
    },
    {
      "name": "FingerR52",
      "transform": [
        [
          0.939693,
          0.0,
          0.34202,
          0.0
        ],
        [
          0.0,
          1.0,
          0.0,
          0.0
        ],
        [
          -0.34202,
          0.0,
          0.939693,
          0.0
        ],
        [
          0.528808,
          0.0,
          0.0,
          1.0
        ]
      ],
      "parent_index": 70,
      "billboard_type": "Disabled"
    },
    {
      "name": "FingerR53",
      "transform": [
        [
          0.939693,
          0.34202,
          0.0,
          0.0
        ],
        [
          -0.34202,
          0.939693,
          0.0,
          0.0
        ],
        [
          0.0,
          0.0,
          1.0,
          0.0
        ],
        [
          0.618442,
          0.0,
          0.0,
          1.0
        ]
      ],
      "parent_index": 71,
      "billboard_type": "Disabled"
    }
  ]
}