{
  "major_version": 1,
  "minor_version": 0,
  "bones": [
    {
      "name": "Trans",
      "transform": [
        [
          1.0,
          0.0,
          0.0,
          0.0
        ],
        [
          0.0,
          1.0,
          0.0,
          0.0
        ],
        [
          0.0,
          0.0,
          1.0,
          0.0
        ],
        [
          0.0,
          0.0,
          0.0,
          1.0
        ]
      ],
      "parent_index": null,
      "billboard_type": "Disabled"
    },
    {
      "name": "Rot",
      "transform": [
        [
          1.0,
          0.0,
          0.0,
          0.0
        ],
        [
          0.0,
          1.0,
          0.0,
          0.0
        ],
        [
          0.0,
          0.0,
          1.0,
          0.0
        ],
        [
          0.0,
          3.98123,
          -0.324594,
          1.0
        ]
      ],
      "parent_index": 0,
      "billboard_type": "Disabled"
    },
    {
      "name": "Hip",
      "transform": [
        [
          0.0,
          0.944595,
          0.32824,
          0.0
        ],
        [
          0.0,
          -0.32824,
          0.944595,
          0.0
        ],
        [
          1.0,
          0.0,
          0.0,
          0.0
        ],
        [
          0.0,
          0.0,
          0.0,
          1.0
        ]
      ],
      "parent_index": 1,
      "billboard_type": "Disabled"
    },
    {
      "name": "Waist",
      "transform": [
        [
          0.910264,
          -0.414028,
          0.0,
          0.0
        ],
        [
          0.414028,
          0.910264,
          0.0,
          0.0
        ],
        [
          0.0,
          0.0,
          1.0,
          0.0
        ],
        [
          0.988895,
          0.0,
          0.0,
          1.0
        ]
      ],
      "parent_index": 2,
      "billboard_type": "Disabled"
    },
    {
      "name": "Bust",
      "transform": [
        [
          1.0,
          0.0,
          0.0,
          0.0
        ],
        [
          0.0,
          1.0,
          0.0,
          0.0
        ],
        [
          0.0,
          0.0,
          1.0,
          0.0
        ],
        [
          0.913388,
          0.0,
          0.0,
          1.0
        ]
      ],
      "parent_index": 3,
      "billboard_type": "Disabled"
    },
    {
      "name": "Neck",
      "transform": [
        [
          0.9965,
          0.0835922,
          0.0,
          0.0
        ],
        [
          -0.0835922,
          0.9965,
          0.0,
          0.0
        ],
        [
          0.0,
          0.0,
          1.0,
          0.0
        ],
        [
          1.0,
          0.0,
          0.0,
          1.0
        ]
      ],
      "parent_index": 4,
      "billboard_type": "Disabled"
    },
    {
      "name": "Head",
      "transform": [
        [
          0.999962,
          0.0087489,
          0.0,
          0.0
        ],
        [
          -0.0087489,
          0.999962,
          0.0,
          0.0
        ],
        [
          0.0,
          0.0,
          1.0,
          0.0
        ],
        [
          0.6,
          0.0,
          0.0,
          1.0
        ]
      ],
      "parent_index": 5,
      "billboard_type": "Disabled"
    },
    {
      "name": "ClavicleC",
      "transform": [
        [
          0.995731,
          0.092306,
          0.0,
          0.0
        ],
        [
          -0.092306,
          0.995731,
          0.0,
          0.0
        ],
        [
          0.0,
          0.0,
          1.0,
          0.0
        ],
        [
          0.826214,
          -0.304684,
          0.0,
          1.0
        ]
      ],
      "parent_index": 4,
      "billboard_type": "Disabled"
    },
    {
      "name": "ClavicleL",
      "transform": [
        [
          0.0,
          0.0,
          1.0,
          0.0
        ],
        [
          0.0,
          1.0,
          0.0,
          0.0
        ],
        [
          -1.0,
          0.0,
          0.0,
          0.0
        ],
        [
          0.0,
          0.0,
          0.961923,
          1.0
        ]
      ],
      "parent_index": 7,
      "billboard_type": "Disabled"
    },
    {
      "name": "ShoulderL",
      "transform": [
        [
          0.991419,
          -0.130309,
          -0.0104347,
          0.0
        ],
        [
          0.130316,
          0.991472,
          0.0,
          0.0
        ],
        [
          0.0103457,
          -0.00135981,
          0.999946,
          0.0
        ],
        [
          1.71876,
          0.356151,
          0.050942,
          1.0
        ]
      ],
      "parent_index": 8,
      "billboard_type": "Disabled"
    },
    {
      "name": "ArmL",
      "transform": [
        [
          0.993062,
          0.116805,
          0.0136004,
          0.0
        ],
        [
          -0.116816,
          0.993154,
          0.0,
          0.0
        ],
        [
          -0.0135073,
          -0.00158874,
          0.999907,
          0.0
        ],
        [
          1.58721,
          0.0,
          0.0,
          1.0
        ]
      ],
      "parent_index": 9,
      "billboard_type": "Disabled"
    },
    {
      "name": "HandL",
      "transform": [
        [
          0.999902,
          0.0136104,
          -0.00325365,
          0.0
        ],
        [
          0.00323733,
          0.00122096,
          0.999994,
          0.0
        ],
        [
          0.0136143,
          -0.999907,
          0.00117678,
          0.0
        ],
        [
          2.28252,
          -0.056427,
          -0.014866,
          1.0
        ]
      ],
      "parent_index": 10,
      "billboard_type": "Disabled"
    },
    {
      "name": "HaveL",
      "transform": [
        [
          0.0,
          -1.0,
          0.0,
          0.0
        ],
        [
          0.0,
          0.0,
          -1.0,
          0.0
        ],
        [
          1.0,
          0.0,
          0.0,
          0.0
        ],
        [
          0.85446,
          0.138351,
          0.16792,
          1.0
        ]
      ],
      "parent_index": 11,
      "billboard_type": "Disabled"
    },
    {
      "name": "ClavicleR",
      "transform": [
        [
          0.0,
          0.0,
          -1.0,
          0.0
        ],
        [
          0.0,
          1.0,
          0.0,
          0.0
        ],
        [
          1.0,
          0.0,
          0.0,
          0.0
        ],
        [
          0.0,
          0.0,
          -0.961923,
          1.0
        ]
      ],
      "parent_index": 7,
      "billboard_type": "Disabled"
    },
    {
      "name": "ShoulderR",
      "transform": [
        [
          0.991419,
          -0.130309,
          0.0104331,
          0.0
        ],
        [
          0.130316,
          0.991472,
          0.0,
          0.0
        ],
        [
          -0.0103442,
          0.0013596,
          0.999946,
          0.0
        ],
        [
          1.71876,
          0.356151,
          -0.050944,
          1.0
        ]
      ],
      "parent_index": 13,
      "billboard_type": "Disabled"
    },
    {
      "name": "ArmR",
      "transform": [
        [
          0.993062,
          0.116805,
          -0.013599,
          0.0
        ],
        [
          -0.116816,
          0.993154,
          0.0,
          0.0
        ],
        [
          0.0135059,
          0.00158858,
          0.999908,
          0.0
        ],
        [
          1.58721,
          0.0,
          0.0,
          1.0
        ]
      ],
      "parent_index": 14,
      "billboard_type": "Disabled"
    },
    {
      "name": "HandR",
      "transform": [
        [
          0.999902,
          0.0136103,
          0.00325383,
          0.0
        ],
        [
          0.00323751,
          0.00122078,
          -0.999994,
          0.0
        ],
        [
          -0.0136142,
          0.999907,
          0.0011766,
          0.0
        ],
        [
          2.28252,
          -0.0564279,
          0.0148677,
          1.0
        ]
      ],
      "parent_index": 15,
      "billboard_type": "Disabled"
    },
    {
      "name": "HaveR",
      "transform": [
        [
          0.0,
          1.0,
          0.0,
          0.0
        ],
        [
          0.0,
          0.0,
          1.0,
          0.0
        ],
        [
          1.0,
          0.0,
          0.0,
          0.0
        ],
        [
          0.854461,
          0.138345,
          -0.167921,
          1.0
        ]
      ],
      "parent_index": 16,
      "billboard_type": "Disabled"
    },
    {
      "name": "LegC",
      "transform": [
        [
          0.944595,
          -0.328238,
          0.0,
          0.0
        ],
        [
          0.328238,
          0.944595,
          0.0,
          0.0
        ],
        [
          0.0,
          0.0,
          1.0,
          0.0
        ],
        [
          0.200126,
          -0.0322577,
          0.0,
          1.0
        ]
      ],
      "parent_index": 2,
      "billboard_type": "Disabled"
    },
    {
      "name": "LegL",
      "transform": [
        [
          -0.984932,
          -0.172943,
          -0.000186952,
          0.0
        ],
        [
          0.172943,
          -0.984932,
          0.0,
          0.0
        ],
        [
          -0.000184135,
          -0.0000323319,
          1.0,
          0.0
        ],
        [
          0.0,
          0.0,
          1.49885,
          1.0
        ]
      ],
      "parent_index": 18,
      "billboard_type": "Disabled"
    },
    {
      "name": "KneeL",
      "transform": [
        [
          0.971809,
          0.235736,
          0.00389688,
          0.0
        ],
        [
          -0.235737,
          0.971817,
          0.0,
          0.0
        ],
        [
          -0.00378705,
          -0.00091864,
          0.999992,
          0.0
        ],
        [
          1.79904,
          0.0,
          0.0,
          1.0
        ]
      ],
      "parent_index": 19,
      "billboard_type": "Disabled"
    },
    {
      "name": "FootL",
      "transform": [
        [
          0.916398,
          -0.400255,
          -0.00338698,
          0.0
        ],
        [
          0.400252,
          0.916404,
          -0.00152741,
          0.0
        ],
        [
          0.0037152,
          0.0000440717,
          0.999993,
          0.0
        ],
        [
          0.763396,
          0.000766,
          -0.000815,
          1.0
        ]
      ],
      "parent_index": 20,
      "billboard_type": "Disabled"
    },
    {
      "name": "ToeL",
      "transform": [
        [
          0.0,
          -1.0,
          0.0,
          0.0
        ],
        [
          1.0,
          0.0,
          0.0,
          0.0
        ],
        [
          0.0,
          0.0,
          1.0,
          0.0
        ],
        [
          0.952672,
          -2.1554,
          -0.006118,
          1.0
        ]
      ],
      "parent_index": 21,
      "billboard_type": "Disabled"
    },
    {
      "name": "LegR",
      "transform": [
        [
          -0.984932,
          -0.172942,
          0.000185377,
          0.0
        ],
        [
          0.172942,
          -0.984932,
          0.0,
          0.0
        ],
        [
          0.000182583,
          0.0000320595,
          1.0,
          0.0
        ],
        [
          0.0,
          0.0,
          -1.49885,
          1.0
        ]
      ],
      "parent_index": 18,
      "billboard_type": "Disabled"
    },
    {
      "name": "KneeR",
      "transform": [
        [
          0.97181,
          0.235734,
          -0.00390099,
          0.0
        ],
        [
          -0.235736,
          0.971817,
          0.0,
          0.0
        ],
        [
          0.00379105,
          0.000919604,
          0.999992,
          0.0
        ],
        [
          1.79904,
          0.0,
          0.0,
          1.0
        ]
      ],
      "parent_index": 23,
      "billboard_type": "Disabled"
    },
    {
      "name": "FootR",
      "transform": [
        [
          0.916398,
          -0.400253,
          0.00339231,
          0.0
        ],
        [
          0.40025,
          0.916405,
          0.00152933,
          0.0
        ],
        [
          -0.00372084,
          -0.0000436998,
          0.999993,
          0.0
        ],
        [
          0.763399,
          0.001624,
          0.000224,
          1.0
        ]
      ],
      "parent_index": 24,
      "billboard_type": "Disabled"
    },
    {
      "name": "ToeR",
      "transform": [
        [
          0.0,
          -1.0,
          0.0,
          0.0
        ],
        [
          1.0,
          0.0,
          0.0,
          0.0
        ],
        [
          0.0,
          0.0,
          1.0,
          0.0
        ],
        [
          0.952672,
          -2.15541,
          0.006118,
          1.0
        ]
      ],
      "parent_index": 25,
      "billboard_type": "Disabled"
    },
    {
      "name": "Throw",
      "transform": [
        [
          1.0,
          0.0,
          0.0,
          0.0
        ],
        [
          0.0,
          1.0,
          0.0,
          0.0
        ],
        [
          0.0,
          0.0,
          1.0,
          0.0
        ],
        [
          0.0,
          -3.98123,
          0.324594,
          1.0
        ]
      ],
      "parent_index": 1,
      "billboard_type": "Disabled"
    },
    {
      "name": "Gamemodel",
      "transform": [
        [
          1.0,
          0.0,
          0.0,
          0.0
        ],
        [
          0.0,
          1.0,
          0.0,
          0.0
        ],
        [
          0.0,
          0.0,
          1.0,
          0.0
        ],
        [
          0.0,
          0.0,
          0.0,
          1.0
        ]
      ],
      "parent_index": null,
      "billboard_type": "Disabled"
    },
    {
      "name": "FingerL10",
      "transform": [
        [
          1.0,
          0.0,
          0.0,
          0.0
        ],
        [
          0.0,
          1.0,
          0.0,
          0.0
        ],
        [
          0.0,
          0.0,
          1.0,
          0.0
        ],
        [
          0.05,
          0.0,
          0.0,
          1.0
        ]
      ],
      "parent_index": 11,
      "billboard_type": "Disabled"
    },
    {
      "name": "FingerL11",
      "transform": [
        [
          1.0,
          0.0,
          0.0,
          0.0
        ],
        [
          0.0,
          1.0,
          0.0,
          0.0
        ],
        [
          0.0,
          0.0,
          1.0,
          0.0
        ],
        [
          0.928979,
          -0.353401,
          0.149433,
          1.0
        ]
      ],
      "parent_index": 29,
      "billboard_type": "Disabled"
    },
    {
      "name": "FingerL12",
      "transform": [
        [
          1.0,
          0.0,
          0.0,
          0.0
        ],
        [
          0.0,
          1.0,
          0.0,
          0.0
        ],
        [
          0.0,
          0.0,
          1.0,
          0.0
        ],
        [
          0.71773,
          0.0,
          0.0,
          1.0
        ]
      ],
      "parent_index": 30,
      "billboard_type": "Disabled"
    },
    {
      "name": "FingerL13",
      "transform": [
        [
          1.0,
          0.0,
          0.0,
          0.0
        ],
        [
          0.0,
          1.0,
          0.0,
          0.0
        ],
        [
          0.0,
          0.0,
          1.0,
          0.0
        ],
        [
          0.4785,
          0.0,
          0.0,
          1.0
        ]
      ],
      "parent_index": 31,
      "billboard_type": "Disabled"
    },
    {
      "name": "FingerL51",
      "transform": [
        [
          0.814831,
          0.0577567,
          -0.576814,
          0.0
        ],
        [
          0.410406,
          0.645258,
          0.644367,
          0.0
        ],
        [
          0.40941,
          -0.761778,
          0.502073,
          0.0
        ],
        [
          -0.229312,
          0.541418,
          -0.641024,
          1.0
        ]
      ],
      "parent_index": 29,
      "billboard_type": "Disabled"
    },
    {
      "name": "FingerL52",
      "transform": [
        [
          1.0,
          0.0,
          0.0,
          0.0
        ],
        [
          0.0,
          1.0,
          0.0,
          0.0
        ],
        [
          0.0,
          0.0,
          1.0,
          0.0
        ],
        [
          0.901,
          0.0,
          0.0,
          1.0
        ]
      ],
      "parent_index": 33,
      "billboard_type": "Disabled"
    },
    {
      "name": "FingerL53",
      "transform": [
        [
          1.0,
          0.0,
          0.0,
          0.0
        ],
        [
          0.0,
          1.0,
          0.0,
          0.0
        ],
        [
          0.0,
          0.0,
          1.0,
          0.0
        ],
        [
          0.447,
          0.0,
          0.0,
          1.0
        ]
      ],
      "parent_index": 34,
      "billboard_type": "Disabled"
    },
    {
      "name": "HammerL",
      "transform": [
        [
          1.0,
          0.0,
          0.0,
          0.0
        ],
        [
          0.0,
          1.0,
          0.0,
          0.0
        ],
        [
          0.0,
          0.0,
          1.0,
          0.0
        ],
        [
          0.0,
          0.0,
          0.0,
          1.0
        ]
      ],
      "parent_index": 12,
      "billboard_type": "Disabled"
    },
    {
      "name": "FingerR10",
      "transform": [
        [
          1.0,
          0.0,
          0.0,
          0.0
        ],
        [
          0.0,
          1.0,
          0.0,
          0.0
        ],
        [
          0.0,
          0.0,
          1.0,
          0.0
        ],
        [
          0.05,
          0.0,
          0.0,
          1.0
        ]
      ],
      "parent_index": 16,
      "billboard_type": "Disabled"
    },
    {
      "name": "FingerR11",
      "transform": [
        [
          1.0,
          0.0,
          0.0,
          0.0
        ],
        [
          0.0,
          1.0,
          0.0,
          0.0
        ],
        [
          0.0,
          0.0,
          1.0,
          0.0
        ],
        [
          0.928979,
          -0.353401,
          -0.149433,
          1.0
        ]
      ],
      "parent_index": 37,
      "billboard_type": "Disabled"
    },
    {
      "name": "FingerR12",
      "transform": [
        [
          1.0,
          0.0,
          0.0,
          0.0
        ],
        [
          0.0,
          1.0,
          0.0,
          0.0
        ],
        [
          0.0,
          0.0,
          1.0,
          0.0
        ],
        [
          0.71773,
          0.0,
          0.0,
          1.0
        ]
      ],
      "parent_index": 38,
      "billboard_type": "Disabled"
    },
    {
      "name": "FingerR13",
      "transform": [
        [
          1.0,
          0.0,
          0.0,
          0.0
        ],
        [
          0.0,
          1.0,
          0.0,
          0.0
        ],
        [
          0.0,
          0.0,
          1.0,
          0.0
        ],
        [
          0.4785,
          0.0,
          0.0,
          1.0
        ]
      ],
      "parent_index": 39,
      "billboard_type": "Disabled"
    },
    {
      "name": "FingerR51",
      "transform": [
        [
          0.814831,
          0.0577567,
          0.576814,
          0.0
        ],
        [
          0.410406,
          0.645258,
          -0.644367,
          0.0
        ],
        [
          -0.40941,
          0.761778,
          0.502073,
          0.0
        ],
        [
          -0.229312,
          0.541418,
          0.641024,
          1.0
        ]
      ],
      "parent_index": 37,
      "billboard_type": "Disabled"
    },
    {
      "name": "FingerR52",
      "transform": [
        [
          1.0,
          0.0,
          0.0,
          0.0
        ],
        [
          0.0,
          1.0,
          0.0,
          0.0
        ],
        [
          0.0,
          0.0,
          1.0,
          0.0
        ],
        [
          0.901,
          0.0,
          0.0,
          1.0
        ]
      ],
      "parent_index": 41,
      "billboard_type": "Disabled"
    },
    {
      "name": "FingerR53",
      "transform": [
        [
          1.0,
          0.0,
          0.0,
          0.0
        ],
        [
          0.0,
          1.0,
          0.0,
          0.0
        ],
        [
          0.0,
          0.0,
          1.0,
          0.0
        ],
        [
          0.447,
          0.0,
          0.0,
          1.0
        ]
      ],
      "parent_index": 42,
      "billboard_type": "Disabled"
    },
    {
      "name": "HammerR",
      "transform": [
        [
          1.0,
          0.0,
          0.0,
          0.0
        ],
        [
          0.0,
          1.0,
          0.0,
          0.0
        ],
        [
          0.0,
          0.0,
          1.0,
          0.0
        ],
        [
          0.0,
          0.0,
          0.0,
          1.0
        ]
      ],
      "parent_index": 17,
      "billboard_type": "Disabled"
    },
    {
      "name": "ShirttailC",
      "transform": [
        [
          0.910265,
          -0.414026,
          0.0,
          0.0
        ],
        [
          0.414026,
          0.910265,
          0.0,
          0.0
        ],
        [
          0.0,
          0.0,
          1.0,
          0.0
        ],
        [
          0.940443,
          0.0161411,
          0.0,
          1.0
        ]
      ],
      "parent_index": 2,
      "billboard_type": "Disabled"
    },
    {
      "name": "ShirttailL",
      "transform": [
        [
          -0.967883,
          -0.251401,
          0.0,
          0.0
        ],
        [
          0.251401,
          -0.967883,
          0.00000380252,
          0.0
        ],
        [
          0.0,
          0.00000368039,
          1.0,
          0.0
        ],
        [
          0.0155779,
          0.00121814,
          1.633,
          1.0
        ]
      ],
      "parent_index": 18,
      "billboard_type": "Disabled"
    },
    {
      "name": "ShirttailR",
      "transform": [
        [
          -0.967883,
          -0.251401,
          0.0,
          0.0
        ],
        [
          0.251401,
          -0.967883,
          -0.00000381523,
          0.0
        ],
        [
          0.0,
          -0.00000369269,
          1.0,
          0.0
        ],
        [
          0.0155779,
          0.00121805,
          -1.633,
          1.0
        ]
      ],
      "parent_index": 18,
      "billboard_type": "Disabled"
    },
    {
      "name": "H_WristL",
      "transform": [
        [
          1.0,
          0.000119809,
          -0.0000860264,
          0.0
        ],
        [
          -0.000022715,
          0.701388,
          0.712779,
          0.0
        ],
        [
          0.000145735,
          -0.712779,
          0.701388,
          0.0
        ],
        [
          1.39207,
          -0.0118053,
          0.288066,
          1.0
        ]
      ],
      "parent_index": 10,
      "billboard_type": "Disabled"
    },
    {
      "name": "H_WristR",
      "transform": [
        [
          1.0,
          0.000119803,
          0.0000860251,
          0.0
        ],
        [
          -0.0000227117,
          0.701388,
          -0.712779,
          0.0
        ],
        [
          -0.00014573,
          0.712779,
          0.701388,
          0.0
        ],
        [
          1.39207,
          -0.0118052,
          -0.288058,
          1.0
        ]
      ],
      "parent_index": 15,
      "billboard_type": "Disabled"
    }
  ]
}