{
  "major_version": 1,
  "minor_version": 0,
  "bones": [
    {
      "name": "Trans",
      "transform": [
        [
          1.0,
          0.0,
          0.0,
          0.0
        ],
        [
          0.0,
          1.0,
          0.0,
          0.0
        ],
        [
          0.0,
          0.0,
          1.0,
          0.0
        ],
        [
          0.0,
          0.0,
          0.0,
          1.0
        ]
      ],
      "parent_index": null,
      "billboard_type": "Disabled"
    },
    {
      "name": "Rot",
      "transform": [
        [
          1.0,
          0.0,
          0.0,
          0.0
        ],
        [
          0.0,
          1.0,
          0.0,
          0.0
        ],
        [
          0.0,
          0.0,
          1.0,
          0.0
        ],
        [
          0.0,
          3.45829,
          0.0,
          1.0
        ]
      ],
      "parent_index": 0,
      "billboard_type": "Disabled"
    },
    {
      "name": "Hip",
      "transform": [
        [
          0.0,
          0.957451,
          0.288594,
          0.0
        ],
        [
          0.0,
          -0.288594,
          0.957451,
          0.0
        ],
        [
          1.0,
          0.0,
          0.0,
          0.0
        ],
        [
          0.0,
          0.0,
          0.0,
          1.0
        ]
      ],
      "parent_index": 1,
      "billboard_type": "Disabled"
    },
    {
      "name": "Waist",
      "transform": [
        [
          0.987066,
          0.160312,
          0.0,
          0.0
        ],
        [
          -0.160312,
          0.987066,
          0.0,
          0.0
        ],
        [
          0.0,
          0.0,
          1.0,
          0.0
        ],
        [
          1.68822,
          0.0,
          0.0,
          1.0
        ]
      ],
      "parent_index": 2,
      "billboard_type": "Disabled"
    },
    {
      "name": "Bust",
      "transform": [
        [
          1.0,
          0.0,
          0.0,
          0.0
        ],
        [
          0.0,
          1.0,
          0.0,
          0.0
        ],
        [
          0.0,
          0.0,
          1.0,
          0.0
        ],
        [
          0.0,
          0.0,
          0.0,
          1.0
        ]
      ],
      "parent_index": 3,
      "billboard_type": "Disabled"
    },
    {
      "name": "Neck",
      "transform": [
        [
          0.898805,
          -0.43835,
          0.0,
          0.0
        ],
        [
          0.43835,
          0.898805,
          0.0,
          0.0
        ],
        [
          0.0,
          0.0,
          1.0,
          0.0
        ],
        [
          3.42193,
          0.0,
          0.0,
          1.0
        ]
      ],
      "parent_index": 4,
      "billboard_type": "Disabled"
    },
    {
      "name": "Head",
      "transform": [
        [
          1.0,
          0.0,
          0.0,
          0.0
        ],
        [
          0.0,
          1.0,
          0.0,
          0.0
        ],
        [
          0.0,
          0.0,
          1.0,
          0.0
        ],
        [
          0.0,
          0.0,
          0.0,
          1.0
        ]
      ],
      "parent_index": 5,
      "billboard_type": "Disabled"
    },
    {
      "name": "Head1",
      "transform": [
        [
          1.0,
          0.0,
          0.0,
          0.0
        ],
        [
          0.0,
          1.0,
          0.0,
          0.0
        ],
        [
          0.0,
          0.0,
          1.0,
          0.0
        ],
        [
          0.0,
          0.0,
          0.0,
          1.0
        ]
      ],
      "parent_index": 6,
      "billboard_type": "Disabled"
    },
    {
      "name": "Jaw1",
      "transform": [
        [
          0.0,
          1.0,
          0.0,
          0.0
        ],
        [
          -1.0,
          0.0,
          0.0,
          0.0
        ],
        [
          0.0,
          0.0,
          1.0,
          0.0
        ],
        [
          0.1,
          0.7,
          0.0,
          1.0
        ]
      ],
      "parent_index": 6,
      "billboard_type": "Disabled"
    },
    {
      "name": "Jaw2",
      "transform": [
        [
          1.0,
          0.0,
          0.0,
          0.0
        ],
        [
          0.0,
          1.0,
          0.0,
          0.0
        ],
        [
          0.0,
          0.0,
          1.0,
          0.0
        ],
        [
          0.0,
          0.0,
          0.0,
          1.0
        ]
      ],
      "parent_index": 8,
      "billboard_type": "Disabled"
    },
    {
      "name": "Have",
      "transform": [
        [
          0.0,
          0.0,
          1.0,
          0.0
        ],
        [
          1.0,
          0.0,
          0.0,
          0.0
        ],
        [
          0.0,
          1.0,
          0.0,
          0.0
        ],
        [
          -0.235402,
          2.57345,
          0.0,
          1.0
        ]
      ],
      "parent_index": 6,
      "billboard_type": "Disabled"
    },
    {
      "name": "Head2",
      "transform": [
        [
          1.0,
          0.0,
          0.0,
          0.0
        ],
        [
          0.0,
          1.0,
          0.0,
          0.0
        ],
        [
          0.0,
          0.0,
          1.0,
          0.0
        ],
        [
          3.42193,
          0.0,
          0.0,
          1.0
        ]
      ],
      "parent_index": 4,
      "billboard_type": "Disabled"
    },
    {
      "name": "Shellneck",
      "transform": [
        [
          0.898802,
          -0.438355,
          0.0,
          0.0
        ],
        [
          0.438355,
          0.898802,
          0.0,
          0.0
        ],
        [
          0.0,
          0.0,
          1.0,
          0.0
        ],
        [
          0.0,
          0.0,
          0.0,
          1.0
        ]
      ],
      "parent_index": 4,
      "billboard_type": "Disabled"
    },
    {
      "name": "ClavicleC",
      "transform": [
        [
          0.898805,
          -0.43835,
          0.0,
          0.0
        ],
        [
          0.43835,
          0.898805,
          0.0,
          0.0
        ],
        [
          0.0,
          0.0,
          1.0,
          0.0
        ],
        [
          1.35697,
          0.00575375,
          0.0,
          1.0
        ]
      ],
      "parent_index": 4,
      "billboard_type": "Disabled"
    },
    {
      "name": "ClavicleR",
      "transform": [
        [
          0.0,
          0.0,
          -1.0,
          0.0
        ],
        [
          0.0,
          1.0,
          0.0,
          0.0
        ],
        [
          1.0,
          0.0,
          0.0,
          0.0
        ],
        [
          0.0,
          0.0,
          -1.3,
          1.0
        ]
      ],
      "parent_index": 13,
      "billboard_type": "Disabled"
    },
    {
      "name": "ShoulderR",
      "transform": [
        [
          0.0559657,
          0.998428,
          0.00322399,
          0.0
        ],
        [
          -0.998433,
          0.055966,
          0.0,
          0.0
        ],
        [
          -0.000180433,
          -0.00321893,
          0.999995,
          0.0
        ],
        [
          0.85304,
          1.03976,
          -0.04517,
          1.0
        ]
      ],
      "parent_index": 14,
      "billboard_type": "Disabled"
    },
    {
      "name": "ArmR",
      "transform": [
        [
          0.996541,
          0.0823158,
          -0.0113968,
          0.0
        ],
        [
          -0.0823212,
          0.996606,
          0.0,
          0.0
        ],
        [
          0.0113581,
          0.000938194,
          0.999935,
          0.0
        ],
        [
          1.07209,
          0.0,
          0.0,
          1.0
        ]
      ],
      "parent_index": 15,
      "billboard_type": "Disabled"
    },
    {
      "name": "HandR",
      "transform": [
        [
          1.0,
          0.0,
          0.0,
          0.0
        ],
        [
          0.0,
          0.0,
          -1.0,
          0.0
        ],
        [
          0.0,
          1.0,
          0.0,
          0.0
        ],
        [
          1.09406,
          -0.000854979,
          -0.00513759,
          1.0
        ]
      ],
      "parent_index": 16,
      "billboard_type": "Disabled"
    },
    {
      "name": "HaveR",
      "transform": [
        [
          0.0,
          1.0,
          0.0,
          0.0
        ],
        [
          0.0,
          0.0,
          1.0,
          0.0
        ],
        [
          1.0,
          0.0,
          0.0,
          0.0
        ],
        [
          0.758586,
          0.284238,
          0.0,
          1.0
        ]
      ],
      "parent_index": 17,
      "billboard_type": "Disabled"
    },
    {
      "name": "ClavicleL",
      "transform": [
        [
          0.0,
          0.0,
          1.0,
          0.0
        ],
        [
          0.0,
          1.0,
          0.0,
          0.0
        ],
        [
          -1.0,
          0.0,
          0.0,
          0.0
        ],
        [
          0.0,
          0.0,
          1.3,
          1.0
        ]
      ],
      "parent_index": 13,
      "billboard_type": "Disabled"
    },
    {
      "name": "ShoulderL",
      "transform": [
        [
          0.0559657,
          0.998428,
          -0.00322159,
          0.0
        ],
        [
          -0.998433,
          0.055966,
          0.0,
          0.0
        ],
        [
          0.000180299,
          0.00321654,
          0.999995,
          0.0
        ],
        [
          0.85304,
          1.03976,
          0.0451639,
          1.0
        ]
      ],
      "parent_index": 19,
      "billboard_type": "Disabled"
    },
    {
      "name": "ArmL",
      "transform": [
        [
          0.996541,
          0.0823199,
          0.0113908,
          0.0
        ],
        [
          -0.0823253,
          0.996606,
          0.0,
          0.0
        ],
        [
          -0.0113521,
          -0.00093775,
          0.999935,
          0.0
        ],
        [
          1.07209,
          0.0,
          0.0,
          1.0
        ]
      ],
      "parent_index": 20,
      "billboard_type": "Disabled"
    },
    {
      "name": "HandL",
      "transform": [
        [
          1.0,
          0.0,
          0.0,
          0.0
        ],
        [
          0.0,
          0.0,
          1.0,
          0.0
        ],
        [
          0.0,
          -1.0,
          0.0,
          0.0
        ],
        [
          1.09407,
          -0.000859469,
          0.00514234,
          1.0
        ]
      ],
      "parent_index": 21,
      "billboard_type": "Disabled"
    },
    {
      "name": "HaveL",
      "transform": [
        [
          0.0,
          -1.0,
          0.0,
          0.0
        ],
        [
          0.0,
          0.0,
          -1.0,
          0.0
        ],
        [
          1.0,
          0.0,
          0.0,
          0.0
        ],
        [
          0.758584,
          0.284241,
          0.0,
          1.0
        ]
      ],
      "parent_index": 22,
      "billboard_type": "Disabled"
    },
    {
      "name": "Shell",
      "transform": [
        [
          1.0,
          0.0,
          0.0,
          0.0
        ],
        [
          0.0,
          1.0,
          0.0,
          0.0
        ],
        [
          0.0,
          0.0,
          1.0,
          0.0
        ],
        [
          1.10373,
          -1.93914,
          0.0,
          1.0
        ]
      ],
      "parent_index": 2,
      "billboard_type": "Disabled"
    },
    {
      "name": "Tail1",
      "transform": [
        [
          -0.288597,
          -0.957451,
          0.0,
          0.0
        ],
        [
          0.957451,
          -0.288597,
          0.0,
          0.0
        ],
        [
          0.0,
          0.0,
          1.0,
          0.0
        ],
        [
          -1.53776,
          0.378202,
          0.0,
          1.0
        ]
      ],
      "parent_index": 2,
      "billboard_type": "Disabled"
    },
    {
      "name": "Tail2",
      "transform": [
        [
          1.0,
          0.0,
          0.0,
          0.0
        ],
        [
          0.0,
          1.0,
          0.0,
          0.0
        ],
        [
          0.0,
          0.0,
          1.0,
          0.0
        ],
        [
          2.06972,
          -1.06739,
          0.0,
          1.0
        ]
      ],
      "parent_index": 25,
      "billboard_type": "Disabled"
    },
    {
      "name": "Tail3",
      "transform": [
        [
          -0.288597,
          -0.957451,
          0.0,
          0.0
        ],
        [
          0.957451,
          -0.288597,
          0.0,
          0.0
        ],
        [
          0.0,
          0.0,
          1.0,
          0.0
        ],
        [
          -1.53776,
          0.378202,
          0.0,
          1.0
        ]
      ],
      "parent_index": 2,
      "billboard_type": "Disabled"
    },
    {
      "name": "LegC",
      "transform": [
        [
          0.957451,
          -0.288594,
          0.0,
          0.0
        ],
        [
          0.288594,
          0.957451,
          0.0,
          0.0
        ],
        [
          0.0,
          0.0,
          1.0,
          0.0
        ],
        [
          -0.58757,
          0.960362,
          0.0,
          1.0
        ]
      ],
      "parent_index": 2,
      "billboard_type": "Disabled"
    },
    {
      "name": "LegL",
      "transform": [
        [
          -0.99084,
          0.00994405,
          0.134678,
          0.0
        ],
        [
          -0.0660097,
          -0.905691,
          -0.418768,
          0.0
        ],
        [
          0.117812,
          -0.423822,
          0.898051,
          0.0
        ],
        [
          0.0,
          0.0,
          1.92164,
          1.0
        ]
      ],
      "parent_index": 28,
      "billboard_type": "Disabled"
    },
    {
      "name": "KneeL",
      "transform": [
        [
          0.987799,
          0.128258,
          -0.088338,
          0.0
        ],
        [
          -0.12873,
          0.99168,
          0.000347701,
          0.0
        ],
        [
          0.0876476,
          0.0110283,
          0.99609,
          0.0
        ],
        [
          1.00937,
          0.0,
          0.0,
          1.0
        ]
      ],
      "parent_index": 29,
      "billboard_type": "Disabled"
    },
    {
      "name": "FootL",
      "transform": [
        [
          0.997625,
          -0.0621185,
          -0.0297709,
          0.0
        ],
        [
          0.061797,
          0.998021,
          -0.011601,
          0.0
        ],
        [
          0.0304326,
          0.00973373,
          0.999489,
          0.0
        ],
        [
          1.06586,
          0.0,
          0.0,
          1.0
        ]
      ],
      "parent_index": 30,
      "billboard_type": "Disabled"
    },
    {
      "name": "ToeL",
      "transform": [
        [
          0.0,
          -0.996988,
          -0.0775543,
          0.0
        ],
        [
          0.999986,
          0.000407425,
          -0.00523759,
          0.0
        ],
        [
          0.00525342,
          -0.0775532,
          0.996974,
          0.0
        ],
        [
          0.299999,
          -0.549875,
          -0.0117703,
          1.0
        ]
      ],
      "parent_index": 31,
      "billboard_type": "Disabled"
    },
    {
      "name": "LegR",
      "transform": [
        [
          -0.99084,
          0.00994405,
          -0.134678,
          0.0
        ],
        [
          -0.0660097,
          -0.905691,
          0.418768,
          0.0
        ],
        [
          -0.117812,
          0.423822,
          0.898051,
          0.0
        ],
        [
          0.0,
          0.0,
          -1.92164,
          1.0
        ]
      ],
      "parent_index": 28,
      "billboard_type": "Disabled"
    },
    {
      "name": "KneeR",
      "transform": [
        [
          0.987799,
          0.128258,
          0.088338,
          0.0
        ],
        [
          -0.12873,
          0.99168,
          -0.000347701,
          0.0
        ],
        [
          -0.0876476,
          -0.0110283,
          0.99609,
          0.0
        ],
        [
          1.00937,
          0.0,
          0.0,
          1.0
        ]
      ],
      "parent_index": 33,
      "billboard_type": "Disabled"
    },
    {
      "name": "FootR",
      "transform": [
        [
          0.997625,
          -0.0621185,
          0.0297709,
          0.0
        ],
        [
          0.061797,
          0.998021,
          0.011601,
          0.0
        ],
        [
          -0.0304326,
          -0.00973373,
          0.999489,
          0.0
        ],
        [
          1.06586,
          0.0,
          0.0,
          1.0
        ]
      ],
      "parent_index": 34,
      "billboard_type": "Disabled"
    },
    {
      "name": "ToeR",
      "transform": [
        [
          0.0,
          -0.996988,
          0.0775543,
          0.0
        ],
        [
          0.999986,
          0.000406071,
          0.00522019,
          0.0
        ],
        [
          -0.00523596,
          0.0775532,
          0.996974,
          0.0
        ],
        [
          0.299998,
          -0.549877,
          0.0117714,
          1.0
        ]
      ],
      "parent_index": 35,
      "billboard_type": "Disabled"
    },
    {
      "name": "Throw",
      "transform": [
        [
          1.0,
          0.0,
          0.0,
          0.0
        ],
        [
          0.0,
          1.0,
          0.0,
          0.0
        ],
        [
          0.0,
          0.0,
          1.0,
          0.0
        ],
        [
          0.0,
          -3.45829,
          0.0,
          1.0
        ]
      ],
      "parent_index": 1,
      "billboard_type": "Disabled"
    },
    {
      "name": "FingerR11",
      "transform": [
        [
          0.999617,
          -0.00818264,
          -0.0264212,
          0.0
        ],
        [
          0.00819242,
          0.999966,
          0.000261708,
          0.0
        ],
        [
          0.0264182,
          -0.000478061,
          0.999651,
          0.0
        ],
        [
          0.604381,
          -0.0650152,
          0.367561,
          1.0
        ]
      ],
      "parent_index": 17,
      "billboard_type": "Disabled"
    },
    {
      "name": "FingerR21",
      "transform": [
        [
          0.999617,
          -0.00818264,
          -0.0264212,
          0.0
        ],
        [
          0.00819242,
          0.999966,
          0.000261708,
          0.0
        ],
        [
          0.0264182,
          -0.000478061,
          0.999651,
          0.0
        ],
        [
          0.575747,
          -0.407772,
          -0.116153,
          1.0
        ]
      ],
      "parent_index": 17,
      "billboard_type": "Disabled"
    },
    {
      "name": "FingerR31",
      "transform": [
        [
          0.999617,
          -0.00818264,
          -0.0264212,
          0.0
        ],
        [
          0.00819242,
          0.999966,
          0.000261708,
          0.0
        ],
        [
          0.0264182,
          -0.000478061,
          0.999651,
          0.0
        ],
        [
          0.556094,
          -0.0651173,
          -0.462273,
          1.0
        ]
      ],
      "parent_index": 17,
      "billboard_type": "Disabled"
    },
    {
      "name": "FingerL11",
      "transform": [
        [
          0.999618,
          -0.0081652,
          0.0264212,
          0.0
        ],
        [
          0.00817497,
          0.999967,
          -0.000261708,
          0.0
        ],
        [
          -0.0264182,
          0.0004776,
          0.999651,
          0.0
        ],
        [
          0.604383,
          -0.0650129,
          -0.367559,
          1.0
        ]
      ],
      "parent_index": 22,
      "billboard_type": "Disabled"
    },
    {
      "name": "FingerL21",
      "transform": [
        [
          0.999618,
          -0.0081652,
          0.0264212,
          0.0
        ],
        [
          0.00817497,
          0.999967,
          -0.000261708,
          0.0
        ],
        [
          -0.0264182,
          0.0004776,
          0.999651,
          0.0
        ],
        [
          0.575748,
          -0.40777,
          0.116155,
          1.0
        ]
      ],
      "parent_index": 22,
      "billboard_type": "Disabled"
    },
    {
      "name": "FingerL31",
      "transform": [
        [
          0.999618,
          -0.0081652,
          0.0264212,
          0.0
        ],
        [
          0.00817497,
          0.999967,
          -0.000261708,
          0.0
        ],
        [
          -0.0264182,
          0.0004776,
          0.999651,
          0.0
        ],
        [
          0.556093,
          -0.0651154,
          0.462276,
          1.0
        ]
      ],
      "parent_index": 22,
      "billboard_type": "Disabled"
    }
  ]
}