{
  "major_version": 1,
  "minor_version": 0,
  "bones": [
    {
      "name": "Trans",
      "transform": [
        [
          1.0,
          0.0,
          0.0,
          0.0
        ],
        [
          0.0,
          1.0,
          0.0,
          0.0
        ],
        [
          0.0,
          0.0,
          1.0,
          0.0
        ],
        [
          0.0,
          0.0,
          0.0,
          1.0
        ]
      ],
      "parent_index": null,
      "billboard_type": "Disabled"
    },
    {
      "name": "Rot",
      "transform": [
        [
          1.0,
          0.0,
          0.0,
          0.0
        ],
        [
          0.0,
          1.0,
          0.0,
          0.0
        ],
        [
          0.0,
          0.0,
          1.0,
          0.0
        ],
        [
          0.0,
          3.47,
          0.323,
          1.0
        ]
      ],
      "parent_index": 0,
      "billboard_type": "Disabled"
    },
    {
      "name": "Hip",
      "transform": [
        [
          0.0,
          0.998522,
          0.0543462,
          0.0
        ],
        [
          0.0,
          -0.0543462,
          0.998522,
          0.0
        ],
        [
          1.0,
          0.0,
          0.0,
          0.0
        ],
        [
          0.0,
          0.000247259,
          0.0,
          1.0
        ]
      ],
      "parent_index": 1,
      "billboard_type": "Disabled"
    },
    {
      "name": "Waist",
      "transform": [
        [
          0.972506,
          -0.232879,
          0.0,
          0.0
        ],
        [
          0.232879,
          0.972506,
          0.0,
          0.0
        ],
        [
          0.0,
          0.0,
          1.0,
          0.0
        ],
        [
          1.63134,
          0.0,
          0.0,
          1.0
        ]
      ],
      "parent_index": 2,
      "billboard_type": "Disabled"
    },
    {
      "name": "Bust",
      "transform": [
        [
          0.997162,
          0.0752867,
          0.0,
          0.0
        ],
        [
          -0.0752867,
          0.997162,
          0.0,
          0.0
        ],
        [
          0.0,
          0.0,
          1.0,
          0.0
        ],
        [
          1.24702,
          0.0,
          0.0,
          1.0
        ]
      ],
      "parent_index": 3,
      "billboard_type": "Disabled"
    },
    {
      "name": "Neck",
      "transform": [
        [
          1.0,
          -0.000313203,
          0.0,
          0.0
        ],
        [
          0.000313203,
          1.0,
          0.0,
          0.0
        ],
        [
          0.0,
          0.0,
          1.0,
          0.0
        ],
        [
          2.38062,
          0.0,
          0.0,
          1.0
        ]
      ],
      "parent_index": 4,
      "billboard_type": "Disabled"
    },
    {
      "name": "Head",
      "transform": [
        [
          0.994427,
          0.105426,
          0.0,
          0.0
        ],
        [
          -0.105426,
          0.994427,
          0.0,
          0.0
        ],
        [
          0.0,
          0.0,
          1.0,
          0.0
        ],
        [
          1.13793,
          0.0,
          0.0,
          1.0
        ]
      ],
      "parent_index": 5,
      "billboard_type": "Disabled"
    },
    {
      "name": "ClavicleC",
      "transform": [
        [
          0.99446,
          0.105113,
          0.0,
          0.0
        ],
        [
          -0.105113,
          0.99446,
          0.0,
          0.0
        ],
        [
          0.0,
          0.0,
          1.0,
          0.0
        ],
        [
          1.81824,
          -0.218645,
          0.0,
          1.0
        ]
      ],
      "parent_index": 4,
      "billboard_type": "Disabled"
    },
    {
      "name": "ClavicleL",
      "transform": [
        [
          0.0,
          0.0,
          1.0,
          0.0
        ],
        [
          0.0,
          1.0,
          0.0,
          0.0
        ],
        [
          -1.0,
          0.0,
          0.0,
          0.0
        ],
        [
          0.0,
          0.0,
          1.49102,
          1.0
        ]
      ],
      "parent_index": 7,
      "billboard_type": "Disabled"
    },
    {
      "name": "ShoulderL",
      "transform": [
        [
          0.999443,
          0.0315966,
          0.0107707,
          0.0
        ],
        [
          -0.0315984,
          0.999501,
          0.0,
          0.0
        ],
        [
          -0.0107653,
          -0.000340336,
          0.999942,
          0.0
        ],
        [
          2.106,
          -0.324212,
          0.169563,
          1.0
        ]
      ],
      "parent_index": 8,
      "billboard_type": "Disabled"
    },
    {
      "name": "ArmL",
      "transform": [
        [
          0.99721,
          -0.0419789,
          -0.06172,
          0.0
        ],
        [
          0.0420591,
          0.999115,
          0.0,
          0.0
        ],
        [
          0.0616653,
          -0.00259588,
          0.998093,
          0.0
        ],
        [
          1.64892,
          0.0,
          0.0,
          1.0
        ]
      ],
      "parent_index": 9,
      "billboard_type": "Disabled"
    },
    {
      "name": "HandL",
      "transform": [
        [
          0.998645,
          0.0104652,
          0.0509682,
          0.0
        ],
        [
          -0.0509758,
          0.000453797,
          0.9987,
          0.0
        ],
        [
          0.0104284,
          -0.999945,
          0.000986652,
          0.0
        ],
        [
          1.95149,
          0.0,
          0.0,
          1.0
        ]
      ],
      "parent_index": 10,
      "billboard_type": "Disabled"
    },
    {
      "name": "HaveL",
      "transform": [
        [
          0.0,
          -1.0,
          0.0,
          0.0
        ],
        [
          0.0,
          0.0,
          -1.0,
          0.0
        ],
        [
          1.0,
          0.0,
          0.0,
          0.0
        ],
        [
          2.02294,
          0.138879,
          -0.0692223,
          1.0
        ]
      ],
      "parent_index": 11,
      "billboard_type": "Disabled"
    },
    {
      "name": "ClavicleR",
      "transform": [
        [
          0.0,
          0.0,
          -1.0,
          0.0
        ],
        [
          0.0,
          1.0,
          0.0,
          0.0
        ],
        [
          1.0,
          0.0,
          0.0,
          0.0
        ],
        [
          0.0,
          0.0,
          -1.49102,
          1.0
        ]
      ],
      "parent_index": 7,
      "billboard_type": "Disabled"
    },
    {
      "name": "ShoulderR",
      "transform": [
        [
          0.999443,
          0.0315965,
          -0.0107707,
          0.0
        ],
        [
          -0.0315983,
          0.999501,
          0.0,
          0.0
        ],
        [
          0.0107653,
          0.000340335,
          0.999942,
          0.0
        ],
        [
          2.106,
          -0.324212,
          -0.16957,
          1.0
        ]
      ],
      "parent_index": 13,
      "billboard_type": "Disabled"
    },
    {
      "name": "ArmR",
      "transform": [
        [
          0.99721,
          -0.0419783,
          0.0617208,
          0.0
        ],
        [
          0.0420585,
          0.999115,
          0.0,
          0.0
        ],
        [
          -0.0616662,
          0.00259588,
          0.998093,
          0.0
        ],
        [
          1.64892,
          0.0,
          0.0,
          1.0
        ]
      ],
      "parent_index": 14,
      "billboard_type": "Disabled"
    },
    {
      "name": "HandR",
      "transform": [
        [
          0.998645,
          0.0104647,
          -0.0509691,
          0.0
        ],
        [
          -0.0509766,
          0.000453791,
          -0.9987,
          0.0
        ],
        [
          -0.010428,
          0.999945,
          0.000986631,
          0.0
        ],
        [
          1.95148,
          0.0,
          0.0,
          1.0
        ]
      ],
      "parent_index": 15,
      "billboard_type": "Disabled"
    },
    {
      "name": "HaveR",
      "transform": [
        [
          0.0,
          1.0,
          0.0,
          0.0
        ],
        [
          0.0,
          0.0,
          1.0,
          0.0
        ],
        [
          1.0,
          0.0,
          0.0,
          0.0
        ],
        [
          2.02294,
          0.13888,
          0.069222,
          1.0
        ]
      ],
      "parent_index": 16,
      "billboard_type": "Disabled"
    },
    {
      "name": "Waistswells",
      "transform": [
        [
          0.983729,
          0.17966,
          0.0,
          0.0
        ],
        [
          -0.17966,
          0.983729,
          0.0,
          0.0
        ],
        [
          0.0,
          0.0,
          1.0,
          0.0
        ],
        [
          0.0,
          0.02,
          0.0,
          1.0
        ]
      ],
      "parent_index": 3,
      "billboard_type": "Disabled"
    },
    {
      "name": "Hipswells",
      "transform": [
        [
          0.998522,
          -0.0543568,
          0.0,
          0.0
        ],
        [
          0.0543568,
          0.998522,
          0.0,
          0.0
        ],
        [
          0.0,
          0.0,
          1.0,
          0.0
        ],
        [
          0.0,
          0.02,
          0.0,
          1.0
        ]
      ],
      "parent_index": 2,
      "billboard_type": "Disabled"
    },
    {
      "name": "LegC",
      "transform": [
        [
          0.998522,
          -0.0543462,
          0.0,
          0.0
        ],
        [
          0.0543462,
          0.998522,
          0.0,
          0.0
        ],
        [
          0.0,
          0.0,
          1.0,
          0.0
        ],
        [
          -0.0621104,
          0.206783,
          0.0,
          1.0
        ]
      ],
      "parent_index": 2,
      "billboard_type": "Disabled"
    },
    {
      "name": "LegL",
      "transform": [
        [
          -0.987409,
          0.0647197,
          0.144344,
          0.0
        ],
        [
          -0.0654047,
          -0.997859,
          0.0,
          0.0
        ],
        [
          0.144035,
          -0.00944075,
          0.989528,
          0.0
        ],
        [
          0.0,
          0.0,
          2.79314,
          1.0
        ]
      ],
      "parent_index": 20,
      "billboard_type": "Disabled"
    },
    {
      "name": "KneeL",
      "transform": [
        [
          0.787873,
          0.530501,
          -0.31277,
          0.0
        ],
        [
          -0.558523,
          0.829489,
          0.0,
          0.0
        ],
        [
          0.259439,
          0.174689,
          0.949829,
          0.0
        ],
        [
          1.29287,
          0.0,
          0.0,
          1.0
        ]
      ],
      "parent_index": 21,
      "billboard_type": "Disabled"
    },
    {
      "name": "FootL",
      "transform": [
        [
          0.857699,
          -0.497238,
          0.13079,
          0.0
        ],
        [
          0.513126,
          0.811774,
          -0.278792,
          0.0
        ],
        [
          0.0324545,
          0.306231,
          0.951404,
          0.0
        ],
        [
          1.31937,
          0.0,
          0.0,
          1.0
        ]
      ],
      "parent_index": 22,
      "billboard_type": "Disabled"
    },
    {
      "name": "ToeL",
      "transform": [
        [
          0.0,
          -1.0,
          0.0,
          0.0
        ],
        [
          1.0,
          0.0,
          0.0,
          0.0
        ],
        [
          0.0,
          0.0,
          1.0,
          0.0
        ],
        [
          0.385411,
          -1.82337,
          0.0,
          1.0
        ]
      ],
      "parent_index": 23,
      "billboard_type": "Disabled"
    },
    {
      "name": "LegR",
      "transform": [
        [
          -0.987409,
          0.0647202,
          -0.144344,
          0.0
        ],
        [
          -0.0654052,
          -0.997859,
          0.0,
          0.0
        ],
        [
          -0.144035,
          0.00944082,
          0.989528,
          0.0
        ],
        [
          0.0,
          0.0,
          -2.79314,
          1.0
        ]
      ],
      "parent_index": 20,
      "billboard_type": "Disabled"
    },
    {
      "name": "KneeR",
      "transform": [
        [
          0.787872,
          0.530503,
          0.31277,
          0.0
        ],
        [
          -0.558525,
          0.829488,
          0.0,
          0.0
        ],
        [
          -0.259439,
          -0.17469,
          0.949829,
          0.0
        ],
        [
          1.29287,
          0.0,
          0.0,
          1.0
        ]
      ],
      "parent_index": 25,
      "billboard_type": "Disabled"
    },
    {
      "name": "FootR",
      "transform": [
        [
          0.857699,
          -0.497239,
          -0.130789,
          0.0
        ],
        [
          0.513127,
          0.811773,
          0.278792,
          0.0
        ],
        [
          -0.0324549,
          -0.306231,
          0.951404,
          0.0
        ],
        [
          1.31937,
          0.0,
          0.0,
          1.0
        ]
      ],
      "parent_index": 26,
      "billboard_type": "Disabled"
    },
    {
      "name": "ToeR",
      "transform": [
        [
          0.0,
          -1.0,
          0.0,
          0.0
        ],
        [
          1.0,
          0.0,
          0.0,
          0.0
        ],
        [
          0.0,
          0.0,
          1.0,
          0.0
        ],
        [
          0.385411,
          -1.82337,
          0.0,
          1.0
        ]
      ],
      "parent_index": 27,
      "billboard_type": "Disabled"
    },
    {
      "name": "Throw",
      "transform": [
        [
          1.0,
          0.0,
          0.0,
          0.0
        ],
        [
          0.0,
          1.0,
          0.0,
          0.0
        ],
        [
          0.0,
          0.0,
          1.0,
          0.0
        ],
        [
          0.0,
          -3.47,
          -0.323,
          1.0
        ]
      ],
      "parent_index": 1,
      "billboard_type": "Disabled"
    },
    {
      "name": "S_BeltL1",
      "transform": [
        [
          -0.937417,
          0.341195,
          -0.0695301,
          0.0
        ],
        [
          -0.0739687,
          0.0,
          0.997261,
          0.0
        ],
        [
          0.340261,
          0.939992,
          0.0252376,
          0.0
        ],
        [
          1.53816,
          0.596507,
          3.33928,
          1.0
        ]
      ],
      "parent_index": 6,
      "billboard_type": "Disabled"
    },
    {
      "name": "S_BeltL2",
      "transform": [
        [
          1.0,
          0.0,
          0.0,
          0.0
        ],
        [
          0.0,
          1.0,
          0.0,
          0.0
        ],
        [
          0.0,
          0.0,
          1.0,
          0.0
        ],
        [
          1.94486,
          0.0,
          0.0,
          1.0
        ]
      ],
      "parent_index": 30,
      "billboard_type": "Disabled"
    },
    {
      "name": "S_BeltL3_null",
      "transform": [
        [
          1.0,
          0.0,
          0.0,
          0.0
        ],
        [
          0.0,
          1.0,
          0.0,
          0.0
        ],
        [
          0.0,
          0.0,
          1.0,
          0.0
        ],
        [
          2.03309,
          -0.171143,
          0.982525,
          1.0
        ]
      ],
      "parent_index": 31,
      "billboard_type": "Disabled"
    },
    {
      "name": "S_BeltR1",
      "transform": [
        [
          -0.937417,
          0.341195,
          0.0695301,
          0.0
        ],
        [
          -0.0739687,
          0.0,
          -0.997261,
          0.0
        ],
        [
          -0.340261,
          -0.939992,
          0.0252376,
          0.0
        ],
        [
          1.53819,
          0.596507,
          -3.33927,
          1.0
        ]
      ],
      "parent_index": 6,
      "billboard_type": "Disabled"
    },
    {
      "name": "S_BeltR2",
      "transform": [
        [
          1.0,
          0.0,
          0.0,
          0.0
        ],
        [
          0.0,
          1.0,
          0.0,
          0.0
        ],
        [
          0.0,
          0.0,
          1.0,
          0.0
        ],
        [
          1.94488,
          0.0,
          0.0,
          1.0
        ]
      ],
      "parent_index": 33,
      "billboard_type": "Disabled"
    },
    {
      "name": "S_BeltR3_null",
      "transform": [
        [
          1.0,
          0.0,
          0.0,
          0.0
        ],
        [
          0.0,
          1.0,
          0.0,
          0.0
        ],
        [
          0.0,
          0.0,
          1.0,
          0.0
        ],
        [
          1.52014,
          -0.128677,
          -0.701914,
          1.0
        ]
      ],
      "parent_index": 34,
      "billboard_type": "Disabled"
    },
    {
      "name": "S_JacketL1",
      "transform": [
        [
          -0.89421,
          -0.0853457,
          0.439437,
          0.0
        ],
        [
          0.435138,
          0.0647327,
          0.898034,
          0.0
        ],
        [
          -0.105089,
          0.994246,
          -0.0207474,
          0.0
        ],
        [
          -0.137785,
          -0.644705,
          4.47891,
          1.0
        ]
      ],
      "parent_index": 4,
      "billboard_type": "Disabled"
    },
    {
      "name": "S_JacketL2_null",
      "transform": [
        [
          0.937111,
          -0.346289,
          -0.0436729,
          0.0
        ],
        [
          0.342853,
          0.936726,
          -0.070682,
          0.0
        ],
        [
          0.0653859,
          0.0512635,
          0.996542,
          0.0
        ],
        [
          1.38182,
          0.0,
          0.0,
          1.0
        ]
      ],
      "parent_index": 36,
      "billboard_type": "Disabled"
    },
    {
      "name": "S_JacketFL1",
      "transform": [
        [
          -0.753054,
          0.641223,
          0.14745,
          0.0
        ],
        [
          0.623444,
          0.767032,
          -0.15159,
          0.0
        ],
        [
          -0.210302,
          -0.0222287,
          -0.977384,
          0.0
        ],
        [
          1.37797,
          2.16405,
          2.49239,
          1.0
        ]
      ],
      "parent_index": 4,
      "billboard_type": "Disabled"
    },
    {
      "name": "S_JacketFL2",
      "transform": [
        [
          0.95591,
          -0.28358,
          0.0762796,
          0.0
        ],
        [
          0.293369,
          0.910628,
          -0.291017,
          0.0
        ],
        [
          0.0130643,
          0.300565,
          0.953672,
          0.0
        ],
        [
          1.17601,
          0.0,
          0.0,
          1.0
        ]
      ],
      "parent_index": 38,
      "billboard_type": "Disabled"
    },
    {
      "name": "S_JacketFL3_null",
      "transform": [
        [
          0.996727,
          -0.0190893,
          0.0785584,
          0.0
        ],
        [
          0.0024335,
          0.978367,
          0.206863,
          0.0
        ],
        [
          -0.0808078,
          -0.205995,
          0.975211,
          0.0
        ],
        [
          2.33309,
          0.0,
          0.0,
          1.0
        ]
      ],
      "parent_index": 39,
      "billboard_type": "Disabled"
    },
    {
      "name": "S_JacketBL1",
      "transform": [
        [
          -0.892539,
          -0.416198,
          0.173648,
          0.0
        ],
        [
          0.422618,
          -0.906308,
          0.0,
          0.0
        ],
        [
          0.157379,
          0.0733869,
          0.984808,
          0.0
        ],
        [
          0.778216,
          -2.63017,
          2.82424,
          1.0
        ]
      ],
      "parent_index": 4,
      "billboard_type": "Disabled"
    },
    {
      "name": "S_JacketBL2",
      "transform": [
        [
          1.0,
          0.0,
          0.0,
          0.0
        ],
        [
          0.0,
          1.0,
          0.000347499,
          0.0
        ],
        [
          0.0,
          -0.000347499,
          1.0,
          0.0
        ],
        [
          0.974775,
          0.0,
          0.0,
          1.0
        ]
      ],
      "parent_index": 41,
      "billboard_type": "Disabled"
    },
    {
      "name": "S_JacketBL3_null",
      "transform": [
        [
          1.0,
          0.0,
          0.0,
          0.0
        ],
        [
          0.0,
          1.0,
          0.0,
          0.0
        ],
        [
          0.0,
          0.0,
          1.0,
          0.0
        ],
        [
          1.34406,
          0.0,
          0.0,
          1.0
        ]
      ],
      "parent_index": 42,
      "billboard_type": "Disabled"
    },
    {
      "name": "S_JacketFR1",
      "transform": [
        [
          -0.753054,
          0.641223,
          -0.14745,
          0.0
        ],
        [
          0.623444,
          0.767032,
          0.15159,
          0.0
        ],
        [
          0.210302,
          0.0222287,
          -0.977384,
          0.0
        ],
        [
          1.37797,
          2.16405,
          -2.49239,
          1.0
        ]
      ],
      "parent_index": 4,
      "billboard_type": "Disabled"
    },
    {
      "name": "S_JacketFR2",
      "transform": [
        [
          0.95591,
          -0.28358,
          -0.0762796,
          0.0
        ],
        [
          0.293369,
          0.910628,
          0.291017,
          0.0
        ],
        [
          -0.0130643,
          -0.300565,
          0.953672,
          0.0
        ],
        [
          1.17601,
          0.0,
          0.0,
          1.0
        ]
      ],
      "parent_index": 44,
      "billboard_type": "Disabled"
    },
    {
      "name": "S_JacketFR3_null",
      "transform": [
        [
          0.996727,
          -0.0190893,
          -0.0785584,
          0.0
        ],
        [
          0.0024335,
          0.978367,
          -0.206863,
          0.0
        ],
        [
          0.0808078,
          0.205995,
          0.975211,
          0.0
        ],
        [
          2.33309,
          0.0,
          0.0,
          1.0
        ]
      ],
      "parent_index": 45,
      "billboard_type": "Disabled"
    },
    {
      "name": "S_JacketB1",
      "transform": [
        [
          -0.848814,
          -0.528692,
          0.0,
          0.0
        ],
        [
          0.528692,
          -0.848814,
          0.0,
          0.0
        ],
        [
          0.0,
          0.0,
          1.0,
          0.0
        ],
        [
          1.17506,
          -2.89244,
          0.0,
          1.0
        ]
      ],
      "parent_index": 4,
      "billboard_type": "Disabled"
    },
    {
      "name": "S_JacketB2",
      "transform": [
        [
          0.995795,
          -0.0916144,
          0.0000344027,
          0.0
        ],
        [
          0.0916144,
          0.995794,
          0.000347499,
          0.0
        ],
        [
          -0.0000660939,
          -0.000342886,
          1.0,
          0.0
        ],
        [
          0.974775,
          0.0,
          0.0,
          1.0
        ]
      ],
      "parent_index": 47,
      "billboard_type": "Disabled"
    },
    {
      "name": "S_JacketB3_null",
      "transform": [
        [
          0.991429,
          -0.130648,
          -0.000127139,
          0.0
        ],
        [
          0.130648,
          0.991429,
          -0.00032523,
          0.0
        ],
        [
          0.00016854,
          0.000305832,
          1.0,
          0.0
        ],
        [
          1.74964,
          0.0,
          0.0,
          1.0
        ]
      ],
      "parent_index": 48,
      "billboard_type": "Disabled"
    },
    {
      "name": "S_JacketR1",
      "transform": [
        [
          -0.89421,
          -0.0853457,
          -0.439437,
          0.0
        ],
        [
          0.435138,
          0.0647327,
          -0.898034,
          0.0
        ],
        [
          0.105089,
          -0.994246,
          -0.0207474,
          0.0
        ],
        [
          -0.137787,
          -0.644704,
          -4.47891,
          1.0
        ]
      ],
      "parent_index": 4,
      "billboard_type": "Disabled"
    },
    {
      "name": "S_JacketR2_null",
      "transform": [
        [
          0.937111,
          -0.346289,
          0.0436729,
          0.0
        ],
        [
          0.342853,
          0.936726,
          0.070682,
          0.0
        ],
        [
          -0.0653859,
          -0.0512635,
          0.996542,
          0.0
        ],
        [
          1.38182,
          0.0,
          0.0,
          1.0
        ]
      ],
      "parent_index": 50,
      "billboard_type": "Disabled"
    },
    {
      "name": "S_JacketBR1",
      "transform": [
        [
          -0.892539,
          -0.416198,
          -0.173648,
          0.0
        ],
        [
          0.422618,
          -0.906308,
          0.0,
          0.0
        ],
        [
          -0.157379,
          -0.0733869,
          0.984808,
          0.0
        ],
        [
          0.778216,
          -2.63017,
          -2.82424,
          1.0
        ]
      ],
      "parent_index": 4,
      "billboard_type": "Disabled"
    },
    {
      "name": "S_JacketBR2",
      "transform": [
        [
          1.0,
          0.0,
          0.0,
          0.0
        ],
        [
          0.0,
          1.0,
          -0.000347503,
          0.0
        ],
        [
          0.0,
          0.000347503,
          1.0,
          0.0
        ],
        [
          0.974775,
          0.0,
          0.0,
          1.0
        ]
      ],
      "parent_index": 52,
      "billboard_type": "Disabled"
    },
    {
      "name": "S_JacketBR3_null",
      "transform": [
        [
          1.0,
          0.0,
          0.0,
          0.0
        ],
        [
          0.0,
          1.0,
          0.0,
          0.0
        ],
        [
          0.0,
          0.0,
          1.0,
          0.0
        ],
        [
          1.34406,
          0.0,
          0.0,
          1.0
        ]
      ],
      "parent_index": 53,
      "billboard_type": "Disabled"
    },
    {
      "name": "Mouth",
      "transform": [
        [
          1.0,
          0.0000025581,
          0.0,
          0.0
        ],
        [
          -0.0000025581,
          1.0,
          0.0,
          0.0
        ],
        [
          0.0,
          0.0,
          1.0,
          0.0
        ],
        [
          -0.310134,
          -0.0655372,
          0.0,
          1.0
        ]
      ],
      "parent_index": 6,
      "billboard_type": "Disabled"
    },
    {
      "name": "Face",
      "transform": [
        [
          0.0,
          0.0,
          1.0,
          0.0
        ],
        [
          1.0,
          -0.00000313588,
          0.0,
          0.0
        ],
        [
          0.00000313588,
          1.0,
          0.0,
          0.0
        ],
        [
          0.0,
          0.0,
          0.0,
          1.0
        ]
      ],
      "parent_index": 6,
      "billboard_type": "Disabled"
    },
    {
      "name": "Brow_group",
      "transform": [
        [
          1.0,
          0.0,
          0.0,
          0.0
        ],
        [
          0.0,
          1.0,
          0.0,
          0.0
        ],
        [
          0.0,
          0.0,
          1.0,
          0.0
        ],
        [
          0.0,
          0.0,
          0.0,
          1.0
        ]
      ],
      "parent_index": 56,
      "billboard_type": "Disabled"
    },
    {
      "name": "BrowL1",
      "transform": [
        [
          1.0,
          0.0,
          0.0,
          0.0
        ],
        [
          0.0,
          1.0,
          0.0,
          0.0
        ],
        [
          0.0,
          0.0,
          1.0,
          0.0
        ],
        [
          0.0,
          0.0,
          0.0,
          1.0
        ]
      ],
      "parent_index": 112,
      "billboard_type": "Disabled"
    },
    {
      "name": "BrowL2",
      "transform": [
        [
          1.0,
          0.0,
          0.0,
          0.0
        ],
        [
          0.0,
          1.0,
          0.0,
          0.0
        ],
        [
          0.0,
          0.0,
          1.0,
          0.0
        ],
        [
          0.0,
          0.0,
          0.0,
          1.0
        ]
      ],
      "parent_index": 113,
      "billboard_type": "Disabled"
    },
    {
      "name": "BrowL3",
      "transform": [
        [
          1.0,
          0.0,
          0.0,
          0.0
        ],
        [
          0.0,
          1.0,
          0.0,
          0.0
        ],
        [
          0.0,
          0.0,
          1.0,
          0.0
        ],
        [
          0.0,
          0.0,
          0.0,
          1.0
        ]
      ],
      "parent_index": 114,
      "billboard_type": "Disabled"
    },
    {
      "name": "BrowR1",
      "transform": [
        [
          1.0,
          0.0,
          0.0,
          0.0
        ],
        [
          0.0,
          1.0,
          0.0,
          0.0
        ],
        [
          0.0,
          0.0,
          1.0,
          0.0
        ],
        [
          0.0,
          0.0,
          0.0,
          1.0
        ]
      ],
      "parent_index": 115,
      "billboard_type": "Disabled"
    },
    {
      "name": "BrowR2",
      "transform": [
        [
          1.0,
          0.0,
          0.0,
          0.0
        ],
        [
          0.0,
          1.0,
          0.0,
          0.0
        ],
        [
          0.0,
          0.0,
          1.0,
          0.0
        ],
        [
          0.0,
          0.0,
          0.0,
          1.0
        ]
      ],
      "parent_index": 116,
      "billboard_type": "Disabled"
    },
    {
      "name": "BrowR3",
      "transform": [
        [
          1.0,
          0.0,
          0.0,
          0.0
        ],
        [
          0.0,
          1.0,
          0.0,
          0.0
        ],
        [
          0.0,
          0.0,
          1.0,
          0.0
        ],
        [
          0.0,
          0.0,
          0.0,
          1.0
        ]
      ],
      "parent_index": 117,
      "billboard_type": "Disabled"
    },
    {
      "name": "Cheek_group",
      "transform": [
        [
          1.0,
          0.0,
          0.0,
          0.0
        ],
        [
          0.0,
          1.0,
          0.00000694284,
          0.0
        ],
        [
          0.0,
          -0.00000694284,
          1.0,
          0.0
        ],
        [
          0.0,
          0.0,
          0.0,
          1.0
        ]
      ],
      "parent_index": 56,
      "billboard_type": "Disabled"
    },
    {
      "name": "CheekL",
      "transform": [
        [
          1.0,
          0.0,
          0.0,
          0.0
        ],
        [
          0.0,
          1.0,
          0.0,
          0.0
        ],
        [
          0.0,
          0.0,
          1.0,
          0.0
        ],
        [
          0.0,
          0.0,
          0.0,
          1.0
        ]
      ],
      "parent_index": 118,
      "billboard_type": "Disabled"
    },
    {
      "name": "CheekR",
      "transform": [
        [
          1.0,
          0.0,
          0.0,
          0.0
        ],
        [
          0.0,
          1.0,
          0.0,
          0.0
        ],
        [
          0.0,
          0.0,
          1.0,
          0.0
        ],
        [
          0.0,
          0.0,
          0.0,
          1.0
        ]
      ],
      "parent_index": 119,
      "billboard_type": "Disabled"
    },
    {
      "name": "NoseL",
      "transform": [
        [
          1.0,
          0.0,
          0.0,
          0.0
        ],
        [
          0.0,
          1.0,
          0.0,
          0.0
        ],
        [
          0.0,
          0.0,
          1.0,
          0.0
        ],
        [
          0.0,
          0.0,
          0.0,
          1.0
        ]
      ],
      "parent_index": 120,
      "billboard_type": "Disabled"
    },
    {
      "name": "NoseR",
      "transform": [
        [
          1.0,
          0.0,
          0.0,
          0.0
        ],
        [
          0.0,
          1.0,
          0.0,
          0.0
        ],
        [
          0.0,
          0.0,
          1.0,
          0.0
        ],
        [
          0.0,
          0.0,
          0.0,
          1.0
        ]
      ],
      "parent_index": 121,
      "billboard_type": "Disabled"
    },
    {
      "name": "Mouth_group",
      "transform": [
        [
          1.0,
          0.0,
          0.0,
          0.0
        ],
        [
          0.0,
          1.0,
          0.00000694284,
          0.0
        ],
        [
          0.0,
          -0.00000694284,
          1.0,
          0.0
        ],
        [
          0.0,
          0.0,
          0.0,
          1.0
        ]
      ],
      "parent_index": 56,
      "billboard_type": "Disabled"
    },
    {
      "name": "UplipL1",
      "transform": [
        [
          1.0,
          0.0,
          0.0,
          0.0
        ],
        [
          0.0,
          1.0,
          0.0,
          0.0
        ],
        [
          0.0,
          0.0,
          1.0,
          0.0
        ],
        [
          0.0,
          0.0,
          0.0,
          1.0
        ]
      ],
      "parent_index": 122,
      "billboard_type": "Disabled"
    },
    {
      "name": "UplipR1",
      "transform": [
        [
          1.0,
          0.0,
          0.0,
          0.0
        ],
        [
          0.0,
          1.0,
          0.0,
          0.0
        ],
        [
          0.0,
          0.0,
          1.0,
          0.0
        ],
        [
          0.0,
          0.0,
          0.0,
          1.0
        ]
      ],
      "parent_index": 123,
      "billboard_type": "Disabled"
    },
    {
      "name": "UplipL2",
      "transform": [
        [
          1.0,
          0.0,
          0.0,
          0.0
        ],
        [
          0.0,
          1.0,
          0.0,
          0.0
        ],
        [
          0.0,
          0.0,
          1.0,
          0.0
        ],
        [
          0.0,
          0.0,
          0.0,
          1.0
        ]
      ],
      "parent_index": 124,
      "billboard_type": "Disabled"
    },
    {
      "name": "UplipR2",
      "transform": [
        [
          1.0,
          0.0,
          0.0,
          0.0
        ],
        [
          0.0,
          1.0,
          0.0,
          0.0
        ],
        [
          0.0,
          0.0,
          1.0,
          0.0
        ],
        [
          0.0,
          0.0,
          0.0,
          1.0
        ]
      ],
      "parent_index": 125,
      "billboard_type": "Disabled"
    },
    {
      "name": "FingerL10",
      "transform": [
        [
          1.0,
          0.0,
          0.0,
          0.0
        ],
        [
          0.0,
          1.0,
          0.0,
          0.0
        ],
        [
          0.0,
          0.0,
          1.0,
          0.0
        ],
        [
          0.0,
          0.0,
          -0.215712,
          1.0
        ]
      ],
      "parent_index": 11,
      "billboard_type": "Disabled"
    },
    {
      "name": "FingerL20",
      "transform": [
        [
          1.0,
          0.0,
          0.0,
          0.0
        ],
        [
          0.0,
          1.0,
          0.0,
          0.0
        ],
        [
          0.0,
          0.0,
          1.0,
          0.0
        ],
        [
          0.0,
          0.0,
          0.16,
          1.0
        ]
      ],
      "parent_index": 74,
      "billboard_type": "Disabled"
    },
    {
      "name": "FingerL30",
      "transform": [
        [
          1.0,
          0.0,
          0.0,
          0.0
        ],
        [
          0.0,
          1.0,
          0.0,
          0.0
        ],
        [
          0.0,
          0.0,
          1.0,
          0.0
        ],
        [
          0.0,
          0.0,
          0.16,
          1.0
        ]
      ],
      "parent_index": 75,
      "billboard_type": "Disabled"
    },
    {
      "name": "FingerL40",
      "transform": [
        [
          1.0,
          0.0,
          0.0,
          0.0
        ],
        [
          0.0,
          1.0,
          0.0,
          0.0
        ],
        [
          0.0,
          0.0,
          1.0,
          0.0
        ],
        [
          0.0,
          0.0,
          0.16,
          1.0
        ]
      ],
      "parent_index": 76,
      "billboard_type": "Disabled"
    },
    {
      "name": "FingerL41",
      "transform": [
        [
          1.0,
          0.0,
          0.0,
          0.0
        ],
        [
          0.0,
          1.0,
          0.0,
          0.0
        ],
        [
          0.0,
          0.0,
          1.0,
          0.0
        ],
        [
          2.00482,
          -0.488405,
          0.894929,
          1.0
        ]
      ],
      "parent_index": 77,
      "billboard_type": "Disabled"
    },
    {
      "name": "FingerL42",
      "transform": [
        [
          1.0,
          0.0,
          0.0,
          0.0
        ],
        [
          0.0,
          1.0,
          0.0,
          0.0
        ],
        [
          0.0,
          0.0,
          1.0,
          0.0
        ],
        [
          0.43,
          0.0,
          0.0,
          1.0
        ]
      ],
      "parent_index": 78,
      "billboard_type": "Disabled"
    },
    {
      "name": "FingerL43",
      "transform": [
        [
          1.0,
          0.0,
          0.0,
          0.0
        ],
        [
          0.0,
          1.0,
          0.0,
          0.0
        ],
        [
          0.0,
          0.0,
          1.0,
          0.0
        ],
        [
          0.45165,
          0.0,
          0.0,
          1.0
        ]
      ],
      "parent_index": 79,
      "billboard_type": "Disabled"
    },
    {
      "name": "FingerL31",
      "transform": [
        [
          1.0,
          0.0,
          0.0,
          0.0
        ],
        [
          0.0,
          1.0,
          0.0,
          0.0
        ],
        [
          0.0,
          0.0,
          1.0,
          0.0
        ],
        [
          2.08,
          -0.539432,
          0.357042,
          1.0
        ]
      ],
      "parent_index": 76,
      "billboard_type": "Disabled"
    },
    {
      "name": "FingerL32",
      "transform": [
        [
          1.0,
          0.0,
          0.0,
          0.0
        ],
        [
          0.0,
          1.0,
          0.0,
          0.0
        ],
        [
          0.0,
          0.0,
          1.0,
          0.0
        ],
        [
          0.62566,
          0.0,
          0.0,
          1.0
        ]
      ],
      "parent_index": 81,
      "billboard_type": "Disabled"
    },
    {
      "name": "FingerL33",
      "transform": [
        [
          1.0,
          0.0,
          0.0,
          0.0
        ],
        [
          0.0,
          1.0,
          0.0,
          0.0
        ],
        [
          0.0,
          0.0,
          1.0,
          0.0
        ],
        [
          0.580911,
          0.0,
          0.0,
          1.0
        ]
      ],
      "parent_index": 82,
      "billboard_type": "Disabled"
    },
    {
      "name": "FingerL21",
      "transform": [
