{
  "major_version": 1,
  "minor_version": 0,
  "bones": [
    {
      "name": "Trans",
      "transform": [
        [
          1.0,
          0.0,
          0.0,
          0.0
        ],
        [
          0.0,
          1.0,
          0.0,
          0.0
        ],
        [
          0.0,
          0.0,
          1.0,
          0.0
        ],
        [
          0.0,
          0.0,
          0.0,
          1.0
        ]
      ],
      "parent_index": null,
      "billboard_type": "Disabled"
    },
    {
      "name": "Rot",
      "transform": [
        [
          1.0,
          0.0,
          0.0,
          0.0
        ],
        [
          0.0,
          1.0,
          0.0,
          0.0
        ],
        [
          0.0,
          0.0,
          1.0,
          0.0
        ],
        [
          0.0,
          8.21118,
          0.224068,
          1.0
        ]
      ],
      "parent_index": 0,
      "billboard_type": "Disabled"
    },
    {
      "name": "Hip",
      "transform": [
        [
          0.0,
          0.984152,
          0.177325,
          0.0
        ],
        [
          0.0,
          -0.177325,
          0.984152,
          0.0
        ],
        [
          1.0,
          0.0,
          0.0,
          0.0
        ],
        [
          0.0,
          -0.00183563,
          0.208662,
          1.0
        ]
      ],
      "parent_index": 1,
      "billboard_type": "Disabled"
    },
    {
      "name": "Waist",
      "transform": [
        [
          0.956565,
          -0.29152,
          0.0,
          0.0
        ],
        [
          0.29152,
          0.956565,
          0.0,
          0.0
        ],
        [
          0.0,
          0.0,
          1.0,
          0.0
        ],
        [
          0.732697,
          0.0,
          0.0,
          1.0
        ]
      ],
      "parent_index": 2,
      "billboard_type": "Disabled"
    },
    {
      "name": "Bust",
      "transform": [
        [
          0.998553,
          0.0537825,
          0.0,
          0.0
        ],
        [
          -0.0537825,
          0.998553,
          0.0,
          0.0
        ],
        [
          0.0,
          0.0,
          1.0,
          0.0
        ],
        [
          1.19585,
          0.0,
          0.0,
          1.0
        ]
      ],
      "parent_index": 3,
      "billboard_type": "Disabled"
    },
    {
      "name": "Neck",
      "transform": [
        [
          0.930148,
          0.367186,
          0.0,
          0.0
        ],
        [
          -0.367186,
          0.930148,
          0.0,
          0.0
        ],
        [
          0.0,
          0.0,
          1.0,
          0.0
        ],
        [
          2.31848,
          0.0,
          0.0,
          1.0
        ]
      ],
      "parent_index": 4,
      "billboard_type": "Disabled"
    },
    {
      "name": "Head",
      "transform": [
        [
          0.951648,
          -0.307191,
          0.0,
          0.0
        ],
        [
          0.307191,
          0.951648,
          0.0,
          0.0
        ],
        [
          0.0,
          0.0,
          1.0,
          0.0
        ],
        [
          0.559608,
          0.0,
          0.0,
          1.0
        ]
      ],
      "parent_index": 5,
      "billboard_type": "Disabled"
    },
    {
      "name": "Hat1",
      "transform": [
        [
          -0.733276,
          -0.679931,
          0.00000191153,
          0.0
        ],
        [
          0.679931,
          -0.733276,
          -0.00000177247,
          0.0
        ],
        [
          0.00000260683,
          0.0,
          1.0,
          0.0
        ],
        [
          1.5839,
          -0.754632,
          0.0,
          1.0
        ]
      ],
      "parent_index": 6,
      "billboard_type": "Disabled"
    },
    {
      "name": "Hat2",
      "transform": [
        [
          1.0,
          0.0,
          0.0,
          0.0
        ],
        [
          0.0,
          1.0,
          0.0,
          0.0
        ],
        [
          0.0,
          0.0,
          1.0,
          0.0
        ],
        [
          1.54349,
          0.0,
          0.0,
          1.0
        ]
      ],
      "parent_index": 7,
      "billboard_type": "Disabled"
    },
    {
      "name": "Hat3",
      "transform": [
        [
          1.0,
          0.0,
          0.0,
          0.0
        ],
        [
          0.0,
          1.0,
          0.0,
          0.0
        ],
        [
          0.0,
          0.0,
          1.0,
          0.0
        ],
        [
          1.07647,
          0.0,
          0.0,
          1.0
        ]
      ],
      "parent_index": 8,
      "billboard_type": "Disabled"
    },
    {
      "name": "HairL1",
      "transform": [
        [
          -0.729456,
          -0.101505,
          0.676454,
          0.0
        ],
        [
          0.679966,
          -0.00000255721,
          0.733243,
          0.0
        ],
        [
          -0.0744261,
          0.994835,
          0.0690219,
          0.0
        ],
        [
          2.14359,
          2.11453,
          0.588708,
          1.0
        ]
      ],
      "parent_index": 6,
      "billboard_type": "Disabled"
    },
    {
      "name": "HairR1",
      "transform": [
        [
          -0.729468,
          -0.101505,
          -0.676441,
          0.0
        ],
        [
          0.679953,
          -0.00000255716,
          -0.733256,
          0.0
        ],
        [
          0.0744274,
          -0.994835,
          0.0690205,
          0.0
        ],
        [
          2.14356,
          2.11453,
          -0.588712,
          1.0
        ]
      ],
      "parent_index": 6,
      "billboard_type": "Disabled"
    },
    {
      "name": "Swordstrap",
      "transform": [
        [
          0.0,
          0.0,
          1.0,
          0.0
        ],
        [
          -0.117277,
          0.993099,
          0.0,
          0.0
        ],
        [
          -0.993099,
          -0.117277,
          0.0,
          0.0
        ],
        [
          1.72941,
          -0.0812617,
          0.747016,
          1.0
        ]
      ],
      "parent_index": 4,
      "billboard_type": "Disabled"
    },
    {
      "name": "ClavicleC",
      "transform": [
        [
          0.997969,
          0.0637004,
          0.0,
          0.0
        ],
        [
          -0.0637004,
          0.997969,
          0.0,
          0.0
        ],
        [
          0.0,
          0.0,
          1.0,
          0.0
        ],
        [
          1.95843,
          -0.0666385,
          0.0,
          1.0
        ]
      ],
      "parent_index": 4,
      "billboard_type": "Disabled"
    },
    {
      "name": "ClavicleR",
      "transform": [
        [
          0.0,
          0.0,
          -1.0,
          0.0
        ],
        [
          0.0,
          1.0,
          0.0,
          0.0
        ],
        [
          1.0,
          0.0,
          0.0,
          0.0
        ],
        [
          0.0,
          0.0,
          -0.720775,
          1.0
        ]
      ],
      "parent_index": 13,
      "billboard_type": "Disabled"
    },
    {
      "name": "ShoulderR",
      "transform": [
        [
          0.999537,
          -0.029467,
          -0.00762288,
          0.0
        ],
        [
          0.0294661,
          0.999566,
          -0.00021968,
          0.0
        ],
        [
          0.00762605,
          -0.00000503838,
          0.999971,
          0.0
        ],
        [
          1.23386,
          -0.183379,
          -0.402487,
          1.0
        ]
      ],
      "parent_index": 14,
      "billboard_type": "Disabled"
    },
    {
      "name": "ArmR",
      "transform": [
        [
          0.99994,
          0.0069461,
          0.00849965,
          0.0
        ],
        [
          -0.00694472,
          0.999976,
          -0.000191979,
          0.0
        ],
        [
          -0.00850078,
          0.00013294,
          0.999964,
          0.0
        ],
        [
          1.90979,
          0.0,
          0.0,
          1.0
        ]
      ],
      "parent_index": 15,
      "billboard_type": "Disabled"
    },
    {
      "name": "HandR",
      "transform": [
        [
          1.0,
          0.0,
          0.0,
          0.0
        ],
        [
          0.0,
          0.0,
          -1.0,
          0.0
        ],
        [
          0.0,
          1.0,
          0.0,
          0.0
        ],
        [
          1.90618,
          0.0,
          0.0,
          1.0
        ]
      ],
      "parent_index": 16,
      "billboard_type": "Disabled"
    },
    {
      "name": "HaveR",
      "transform": [
        [
          -0.000871036,
          1.0,
          0.000370821,
          0.0
        ],
        [
          -0.0225287,
          -0.00039035,
          0.999746,
          0.0
        ],
        [
          0.999746,
          0.000862461,
          0.0225291,
          0.0
        ],
        [
          0.797836,
          0.319607,
          0.0822629,
          1.0
        ]
      ],
      "parent_index": 17,
      "billboard_type": "Disabled"
    },
    {
      "name": "ClavicleL",
      "transform": [
        [
          0.0,
          0.0,
          1.0,
          0.0
        ],
        [
          0.0,
          1.0,
          0.0,
          0.0
        ],
        [
          -1.0,
          0.0,
          0.0,
          0.0
        ],
        [
          0.0,
          0.0,
          0.720776,
          1.0
        ]
      ],
      "parent_index": 13,
      "billboard_type": "Disabled"
    },
    {
      "name": "ShoulderL",
      "transform": [
        [
          0.999537,
          -0.0294669,
          0.00762358,
          0.0
        ],
        [
          0.0294661,
          0.999566,
          0.000219701,
          0.0
        ],
        [
          -0.00762675,
          0.00000503838,
          0.999971,
          0.0
        ],
        [
          1.23386,
          -0.183379,
          0.402488,
          1.0
        ]
      ],
      "parent_index": 19,
      "billboard_type": "Disabled"
    },
    {
      "name": "ArmL",
      "transform": [
        [
          0.99994,
          0.00694421,
          -0.00849144,
          0.0
        ],
        [
          -0.00694609,
          0.999976,
          -0.00019131,
          0.0
        ],
        [
          0.00848991,
          0.00025028,
          0.999964,
          0.0
        ],
        [
          1.90979,
          0.0,
          0.0,
          1.0
        ]
      ],
      "parent_index": 20,
      "billboard_type": "Disabled"
    },
    {
      "name": "HandL",
      "transform": [
        [
          1.0,
          0.0,
          0.0,
          0.0
        ],
        [
          0.0,
          0.0,
          1.0,
          0.0
        ],
        [
          0.0,
          -1.0,
          0.0,
          0.0
        ],
        [
          1.90645,
          0.0,
          0.0,
          1.0
        ]
      ],
      "parent_index": 21,
      "billboard_type": "Disabled"
    },
    {
      "name": "HaveL",
      "transform": [
        [
          0.000866511,
          -1.0,
          -0.0000195222,
          0.0
        ],
        [
          -0.022524,
          0.0,
          -0.999746,
          0.0
        ],
        [
          0.999746,
          0.000866731,
          -0.022524,
          0.0
        ],
        [
          0.797562,
          0.319619,
          -0.0821298,
          1.0
        ]
      ],
      "parent_index": 22,
      "billboard_type": "Disabled"
    },
    {
      "name": "Sword",
      "transform": [
        [
          0.0,
          0.0,
          -1.0,
          0.0
        ],
        [
          0.0,
          1.0,
          0.0,
          0.0
        ],
        [
          1.0,
          0.0,
          0.0,
          0.0
        ],
        [
          0.804963,
          0.273511,
          -0.0107967,
          1.0
        ]
      ],
      "parent_index": 22,
      "billboard_type": "Disabled"
    },
    {
      "name": "Scabbard",
      "transform": [
        [
          0.680626,
          0.0434416,
          -0.731342,
          0.0
        ],
        [
          0.729857,
          0.0465837,
          0.682011,
          0.0
        ],
        [
          0.0636963,
          -0.997969,
          0.0,
          0.0
        ],
        [
          1.64226,
          -1.56167,
          0.754598,
          1.0
        ]
      ],
      "parent_index": 4,
      "billboard_type": "Disabled"
    },
    {
      "name": "Hilt",
      "transform": [
        [
          0.0,
          -1.0,
          0.0,
          0.0
        ],
        [
          1.0,
          0.0,
          0.0,
          0.0
        ],
        [
          0.0,
          0.0,
          1.0,
          0.0
        ],
        [
          0.0,
          2.85165,
          0.0,
          1.0
        ]
      ],
      "parent_index": 25,
      "billboard_type": "Disabled"
    },
    {
      "name": "ShieldB",
      "transform": [
        [
          0.923605,
          -0.383344,
          0.0,
          0.0
        ],
        [
          -0.383344,
          -0.923605,
          0.0,
          0.0
        ],
        [
          0.0,
          0.0,
          -1.0,
          0.0
        ],
        [
          0.232228,
          -1.37458,
          -0.398851,
          1.0
        ]
      ],
      "parent_index": 25,
      "billboard_type": "Disabled"
    },
    {
      "name": "LegC",
      "transform": [
        [
          0.984153,
          -0.17732,
          0.0,
          0.0
        ],
        [
          0.17732,
          0.984153,
          0.0,
          0.0
        ],
        [
          0.0,
          0.0,
          1.0,
          0.0
        ],
        [
          -0.928669,
          0.256004,
          0.0,
          1.0
        ]
      ],
      "parent_index": 2,
      "billboard_type": "Disabled"
    },
    {
      "name": "LegL",
      "transform": [
        [
          -0.987675,
          -0.148023,
          0.0508587,
          0.0
        ],
        [
          0.147827,
          -0.988984,
          -0.0076124,
          0.0
        ],
        [
          0.0514252,
          0.0,
          0.998677,
          0.0
        ],
        [
          0.0,
          0.000318294,
          0.755253,
          1.0
        ]
      ],
      "parent_index": 28,
      "billboard_type": "Disabled"
    },
    {
      "name": "KneeL",
      "transform": [
        [
          1.0,
          0.0,
          0.0,
          0.0
        ],
        [
          0.0,
          1.0,
          0.0,
          0.0
        ],
        [
          0.0,
          0.0,
          1.0,
          0.0
        ],
        [
          2.46729,
          0.0,
          0.0,
          1.0
        ]
      ],
      "parent_index": 29,
      "billboard_type": "Disabled"
    },
    {
      "name": "FootL",
      "transform": [
        [
          0.987675,
          -0.147834,
          -0.0514203,
          0.0
        ],
        [
          0.14803,
          0.988983,
          0.0,
          0.0
        ],
        [
          0.0508538,
          -0.00761197,
          0.998677,
          0.0
        ],
        [
          3.49737,
          -0.228287,
          -0.0268115,
          1.0
        ]
      ],
      "parent_index": 30,
      "billboard_type": "Disabled"
    },
    {
      "name": "ToeL",
      "transform": [
        [
          0.0,
          -1.0,
          0.0,
          0.0
        ],
        [
          1.0,
          0.0,
          0.0,
          0.0
        ],
        [
          0.0,
          0.0,
          1.0,
          0.0
        ],
        [
          0.695104,
          -1.17136,
          0.00891724,
          1.0
        ]
      ],
      "parent_index": 31,
      "billboard_type": "Disabled"
    },
    {
      "name": "LegR",
      "transform": [
        [
          -0.987715,
          -0.147758,
          -0.0508654,
          0.0
        ],
        [
          0.147563,
          -0.989024,
          0.00759949,
          0.0
        ],
        [
          -0.0514299,
          0.0,
          0.998677,
          0.0
        ],
        [
          0.0,
          0.0,
          -0.755,
          1.0
        ]
      ],
      "parent_index": 28,
      "billboard_type": "Disabled"
    },
    {
      "name": "KneeR",
      "transform": [
        [
          1.0,
          0.0,
          0.0,
          0.0
        ],
        [
          0.0,
          1.0,
          0.0,
          0.0
        ],
        [
          0.0,
          0.0,
          1.0,
          0.0
        ],
        [
          2.46681,
          0.0,
          0.0,
          1.0
        ]
      ],
      "parent_index": 33,
      "billboard_type": "Disabled"
    },
    {
      "name": "FootR",
      "transform": [
        [
          0.987713,
          -0.147573,
          0.0514225,
          0.0
        ],
        [
          0.147769,
          0.989022,
          -0.00000766258,
          0.0
        ],
        [
          -0.0508569,
          0.00760623,
          0.998677,
          0.0
        ],
        [
          3.49703,
          -0.227502,
          0.026994,
          1.0
        ]
      ],
      "parent_index": 34,
      "billboard_type": "Disabled"
    },
    {
      "name": "ToeR",
      "transform": [
        [
          0.0,
          -1.0,
          0.0,
          0.0
        ],
        [
          1.0,
          0.0,
          0.0,
          0.0
        ],
        [
          0.0,
          0.0,
          1.0,
          0.0
        ],
        [
          0.695,
          -1.171,
          -0.009,
          1.0
        ]
      ],
      "parent_index": 35,
      "billboard_type": "Disabled"
    },
    {
      "name": "Throw",
      "transform": [
        [
          1.0,
          0.0,
          0.0,
          0.0
        ],
        [
          0.0,
          1.0,
          0.0,
          0.0
        ],
        [
          0.0,
          0.0,
          1.0,
          0.0
        ],
        [
          0.0,
          -8.21118,
          -0.224068,
          1.0
        ]
      ],
      "parent_index": 1,
      "billboard_type": "Disabled"
    },
    {
      "name": "S_hat01",
      "transform": [
        [
          -0.342024,
          -0.939691,
          0.0,
          0.0
        ],
        [
          0.939691,
          -0.342024,
          0.0,
          0.0
        ],
        [
          0.0,
          0.0,
          1.0,
          0.0
        ],
        [
          1.29905,
          -0.171908,
          0.0,
          1.0
        ]
      ],
      "parent_index": 6,
      "billboard_type": "Disabled"
    },
    {
      "name": "S_hat02",
      "transform": [
        [
          0.866025,
          -0.5,
          0.0,
          0.0
        ],
        [
          0.5,
          0.866025,
          0.0,
          0.0
        ],
        [
          0.0,
          0.0,
          1.0,
          0.0
        ],
        [
          1.47477,
          0.0,
          0.0,
          1.0
        ]
      ],
      "parent_index": 38,
      "billboard_type": "Disabled"
    },
    {
      "name": "S_hat03",
      "transform": [
        [
          1.0,
          0.0,
          0.0,
          0.0
        ],
        [
          0.0,
          1.0,
          0.0,
          0.0
        ],
        [
          0.0,
          0.0,
          1.0,
          0.0
        ],
        [
          1.81,
          0.0,
          0.0,
          1.0
        ]
      ],
      "parent_index": 39,
      "billboard_type": "Disabled"
    },
    {
      "name": "S_hat04_null",
      "transform": [
        [
          0.0,
          0.0,
          1.0,
          0.0
        ],
        [
          0.0,
          1.0,
          0.0,
          0.0
        ],
        [
          -1.0,
          0.0,
          0.0,
          0.0
        ],
        [
          1.4,
          0.0,
          0.0,
          1.0
        ]
      ],
      "parent_index": 40,
      "billboard_type": "Disabled"
    },
    {
      "name": "S_skirtFL01",
      "transform": [
        [
          -0.969385,
          0.245544,
          0.0,
          0.0
        ],
        [
          0.241814,
          0.954658,
          0.173648,
          0.0
        ],
        [
          0.0426383,
          0.168332,
          -0.984808,
          0.0
        ],
        [
          0.83643,
          0.972914,
          0.95,
          1.0
        ]
      ],
      "parent_index": 2,
      "billboard_type": "Disabled"
    },
    {
      "name": "S_skirtFL02",
      "transform": [
        [
          1.0,
          0.0,
          0.0,
          0.0
        ],
        [
          0.0,
          1.0,
          0.0,
          0.0
        ],
        [
          0.0,
          0.0,
          1.0,
          0.0
        ],
        [
          1.55,
          0.0,
          0.0,
          1.0
        ]
      ],
      "parent_index": 42,
      "billboard_type": "Disabled"
    },
    {
      "name": "S_skirtFL03_null",
      "transform": [
        [
          0.0,
          0.0,
          -1.0,
          0.0
        ],
        [
          0.0,
          1.0,
          0.0,
          0.0
        ],
        [
          1.0,
          0.0,
          0.0,
          0.0
        ],
        [
          1.55,
          0.0,
          0.0,
          1.0
        ]
      ],
      "parent_index": 43,
      "billboard_type": "Disabled"
    },
    {
      "name": "S_skirtL01",
      "transform": [
        [
          -0.969201,
          0.174631,
          0.173648,
          0.0
        ],
        [
          0.221239,
          0.307665,
          0.925417,
          0.0
        ],
        [
          0.108181,
          0.935332,
          -0.336824,
          0.0
        ],
        [
          0.693265,
          0.0373668,
          1.45528,
          1.0
        ]
      ],
      "parent_index": 2,
      "billboard_type": "Disabled"
    },
    {
      "name": "S_skirtL02",
      "transform": [
        [
          1.0,
          0.0,
          0.0,
          0.0
        ],
        [
          0.0,
          1.0,
          0.0,
          0.0
        ],
        [
          0.0,
          0.0,
          1.0,
          0.0
        ],
        [
          1.55,
          0.0,
          0.0,
          1.0
        ]
      ],
      "parent_index": 45,
      "billboard_type": "Disabled"
    },
    {
      "name": "S_skirtL03_null",
      "transform": [
        [
          0.0,
          0.0,
          -1.0,
          0.0
        ],
        [
          0.0,
          1.0,
          0.0,
          0.0
        ],
        [
          1.0,
          0.0,
          0.0,
          0.0
        ],
        [
          1.3,
          0.0,
          0.0,
          1.0
        ]
      ],
      "parent_index": 46,
      "billboard_type": "Disabled"
    },
    {
      "name": "S_skirtBL01",
      "transform": [
        [
          -0.995169,
          -0.0492632,
          0.0849219,
          0.0
        ],
        [
          0.0619322,
          -0.986178,
          0.153679,
          0.0
        ],
        [
          0.0761774,
          0.158196,
          0.984465,
          0.0
        ],
        [
          0.562067,
          -0.859958,
          0.845274,
          1.0
        ]
      ],
      "parent_index": 2,
      "billboard_type": "Disabled"
    },
    {
      "name": "S_skirtBL02",
      "transform": [
        [
          1.0,
          0.0,
          0.0,
          0.0
        ],
        [
          0.0,
          1.0,
          0.0,
          0.0
        ],
        [
          0.0,
          0.0,
          1.0,
          0.0
        ],
        [
          1.55,
          0.0,
          0.0,
          1.0
        ]
      ],
      "parent_index": 48,
      "billboard_type": "Disabled"
    },
    {
      "name": "S_skirtBL03_null",
      "transform": [
        [
          0.0,
          0.0,
          -1.0,
          0.0
        ],
        [
          0.0,
          1.0,
          0.0,
          0.0
        ],
        [
          1.0,
          0.0,
          0.0,
          0.0
        ],
        [
          1.2,
          0.0,
          0.0,
          1.0
        ]
      ],
      "parent_index": 49,
      "billboard_type": "Disabled"
    },
    {
      "name": "S_skirtFR01",
      "transform": [
        [
          -0.969385,
          0.245544,
          0.0,
          0.0
        ],
        [
          0.24219,
          0.956145,
          -0.164713,
          0.0
        ],
        [
          -0.0404443,
          -0.15967,
          -0.986342,
          0.0
        ],
        [
          0.83643,
          0.972914,
          -0.95,
          1.0
        ]
      ],
      "parent_index": 2,
      "billboard_type": "Disabled"
    },
    {
      "name": "S_skirtFR02",
      "transform": [
        [
          1.0,
          0.0,
          0.0,
          0.0
        ],
        [
          0.0,
          1.0,
          0.0,
          0.0
        ],
        [
          0.0,
          0.0,
          1.0,
          0.0
        ],
        [
          1.55,
          0.0,
          0.0,
          1.0
        ]
      ],
      "parent_index": 51,
      "billboard_type": "Disabled"
    },
    {
      "name": "S_skirtFR03_null",
      "transform": [
        [
          0.0,
          0.0,
          -1.0,
          0.0
        ],
        [
          0.0,
          1.0,
          0.0,
          0.0
        ],
        [
          1.0,
          0.0,
          0.0,
          0.0
        ],
        [
          1.55,
          0.0,
          0.0,
          1.0
        ]
      ],
      "parent_index": 52,
      "billboard_type": "Disabled"
    },
    {
      "name": "S_skirtR01",
      "transform": [
        [
          -0.969201,
          0.174631,
          -0.173648,
          0.0
        ],
        [
          0.221239,
          0.307665,
          -0.925417,
          0.0
        ],
        [
          -0.108181,
          -0.935332,
          -0.336824,
          0.0
        ],
        [
          0.693265,
          0.0373668,
          -1.455,
          1.0
        ]
      ],
      "parent_index": 2,
      "billboard_type": "Disabled"
    },
    {
      "name": "S_skirtR02",
      "transform": [
        [
          1.0,
          0.0,
          0.0,
          0.0
        ],
        [
          0.0,
          1.0,
          0.0,
          0.0
        ],
        [
          0.0,
          0.0,
          1.0,
          0.0
        ],
        [
          1.55,
          0.0,
          0.0,
          1.0
        ]
      ],
      "parent_index": 54,
      "billboard_type": "Disabled"
    },
    {
      "name": "S_skirtR03_null",
      "transform": [
        [
          0.0,
          0.0,
          -1.0,
          0.0
        ],
        [
          0.0,
          1.0,
          0.0,
          0.0
        ],
        [
          1.0,
          0.0,
          0.0,
          0.0
        ],
        [
          1.3,
          0.0,
          0.0,
          1.0
        ]
      ],
      "parent_index": 55,
      "billboard_type": "Disabled"
    },
    {
      "name": "S_skirtBR01",
      "transform": [
        [
          -0.995169,
          -0.0492632,
          -0.0849219,
          0.0
        ],
        [
          0.0619322,
          -0.986178,
          -0.153679,
          0.0
        ],
        [
          -0.0761774,
          -0.158196,
          0.984465,
          0.0
        ],
        [
          0.562067,
          -0.859958,
          -0.845,
          1.0
        ]
      ],
      "parent_index": 2,
      "billboard_type": "Disabled"
    },
    {
      "name": "S_skirtBR02",
      "transform": [
        [
          1.0,
          0.0,
          0.0,
          0.0
        ],
        [
          0.0,
          1.0,
          0.0,
          0.0
        ],
        [
          0.0,
          0.0,
          1.0,
          0.0
        ],
        [
          1.55,
          0.0,
          0.0,
          1.0
        ]
      ],
      "parent_index": 57,
      "billboard_type": "Disabled"
    },
    {
      "name": "S_skirtBR03_null",
      "transform": [
        [
          0.0,
          0.0,
          -1.0,
          0.0
        ],
        [
          0.0,
          1.0,
          0.0,
          0.0
        ],
        [
          1.0,
          0.0,
          0.0,
          0.0
        ],
        [
          1.2,
          0.0,
          0.0,
          1.0
        ]
      ],
      "parent_index": 58,
      "billboard_type": "Disabled"
    },
    {
      "name": "Hat4",
      "transform": [
        [
          1.0,
          0.0,
          0.0,
          0.0
        ],
        [
          0.0,
          1.0,
          0.0,
          0.0
        ],
        [
          0.0,
          0.0,
          1.0,
          0.0
        ],
        [
          1.62937,
          0.0,
          0.0,
          1.0
        ]
      ],
      "parent_index": 9,
      "billboard_type": "Disabled"
    },
    {
      "name": "HairL2",
      "transform": [
        [
          1.0,
          0.0,
          0.0,
          0.0
        ],
        [
          0.0,
          1.0,
          0.0,
          0.0
        ],
        [
          0.0,
          0.0,
          1.0,
          0.0
        ],
        [
          0.850194,
          0.0,
          0.0,
          1.0
        ]
      ],
      "parent_index": 10,
      "billboard_type": "Disabled"
    },
    {
      "name": "HairR2",
      "transform": [
        [
          1.0,
          0.0,
          0.0,
          0.0
        ],
        [
          0.0,
          1.0,
          0.0,
          0.0
        ],
        [
          0.0,
          0.0,
          1.0,
          0.0
        ],
        [
          0.850211,
          0.0,
          0.0,
          1.0
        ]
      ],
      "parent_index": 11,
      "billboard_type": "Disabled"
    },
    {
      "name": "FingerR10",
      "transform": [
        [
          0.999746,
          0.000872443,
          0.0225303,
          0.0
        ],
        [
          -0.000880922,
          1.0,
          0.000366426,
          0.0
        ],
        [
          -0.02253,
          -0.00038618,
          0.999746,
          0.0
        ],
        [
          -0.00569518,
          0.0,
          0.252785,
          1.0
        ]
      ],
      "parent_index": 17,
      "billboard_type": "Disabled"
    },
    {
      "name": "FingerR20",
      "transform": [
        [
          1.0,
          0.0,
          0.0,
          0.0
        ],
        [
          0.0,
          1.0,
          0.0,
          0.0
        ],
        [
          0.0,
          0.0,
          1.0,
          0.0
        ],
        [
          0.0,
          0.0,
          -0.190899,
          1.0
        ]
      ],
      "parent_index": 63,
      "billboard_type": "Disabled"
    },
    {
      "name": "FingerR30",
      "transform": [
        [
          1.0,
          0.0,
          0.0,
          0.0
        ],
        [
          0.0,
          1.0,
          0.0,
          0.0
        ],
        [
          0.0,
          0.0,
          1.0,
          0.0
        ],
        [
          0.0,
          0.0,
          -0.208924,
          1.0
        ]
      ],
      "parent_index": 64,
      "billboard_type": "Disabled"
    },
    {
      "name": "FingerR40",
      "transform": [
        [
          1.0,
          0.0,
          0.0,
          0.0
        ],
        [
          0.0,
          1.0,
          0.0,
          0.0
        ],
        [
          0.0,
          0.0,
          1.0,
          0.0
        ],
        [
          0.0,
          0.0,
          -0.201199,
          1.0
        ]
      ],
      "parent_index": 65,
      "billboard_type": "Disabled"
    },
    {
      "name": "FingerR41",
      "transform": [
        [
          1.0,
          0.0,
          0.0,
          0.0
        ],
        [
          0.0,
          1.0,
          0.0,
          0.0
        ],
        [
          0.0,
          0.0,
          1.0,
          0.0
        ],
        [
          0.849779,
          -0.0191641,
          -0.109983,
          1.0
        ]
      ],
      "parent_index": 66,
      "billboard_type": "Disabled"
    },
    {
      "name": "FingerR42",
      "transform": [
        [
          1.0,
          0.0,
          0.0,
          0.0
        ],
        [
          0.0,
          1.0,
          0.0,
          0.0
        ],
        [
          0.0,
          0.0,
          1.0,
          0.0
        ],
        [
          0.298827,
          0.0,
          0.0,
          1.0
        ]
      ],
      "parent_index": 67,
      "billboard_type": "Disabled"
    },
    {
      "name": "FingerR43",
      "transform": [
        [
          1.0,
          0.0,
          0.0,
          0.0
        ],
        [
          0.0,
          1.0,
          0.0,
          0.0
        ],
        [
          0.0,
          0.0,
          1.0,
          0.0
        ],
        [
          0.23229,
          0.0,
          0.0,
          1.0
        ]
      ],
      "parent_index": 68,
      "billboard_type": "Disabled"
    },
    {
      "name": "FingerR31",
      "transform": [
        [
          1.0,
          0.0,
          0.0,
          0.0
        ],
        [
          0.0,
          1.0,
          0.0,
          0.0
        ],
        [
          0.0,
          0.0,
          1.0,
          0.0
        ],
        [
          0.896586,
          -0.0681673,
          -0.0517669,
          1.0
        ]
      ],
      "parent_index": 65,
      "billboard_type": "Disabled"
    },
    {
      "name": "FingerR32",
      "transform": [
        [
          1.0,
          0.0,
          0.0,
          0.0
        ],
        [
          0.0,
          1.0,
          0.0,
          0.0
        ],
        [
          0.0,
          0.0,
          1.0,
          0.0
        ],
        [
          0.397294,
          0.0,
          0.0,
          1.0
        ]
      ],
      "parent_index": 70,
      "billboard_type": "Disabled"
    },
    {
      "name": "FingerR33",
      "transform": [
        [
          1.0,
          0.0,
          0.0,
          0.0
        ],
        [
          0.0,
          1.0,
          0.0,
          0.0
        ],
        [
          0.0,
          0.0,
          1.0,
          0.0
        ],
        [
          0.259709,
          0.0,
          0.0,
          1.0
        ]
      ],
      "parent_index": 71,
      "billboard_type": "Disabled"
    },
    {
      "name": "FingerR21",
      "transform": [
        [
          1.0,
          0.0,
          0.0,
          0.0
        ],
        [
          0.0,
          1.0,
          0.0,
          0.0
        ],
        [
          0.0,
          0.0,
          1.0,
          0.0
        ],
        [
          0.909001,
          -0.104461,
          0.0867887,
          1.0
        ]
      ],
      "parent_index": 64,
      "billboard_type": "Disabled"
    },
    {
      "name": "FingerR22",
      "transform": [
        [
          1.0,
          0.0,
          0.0,
          0.0
        ],
        [
          0.0,
          1.0,
          0.0,
          0.0
        ],
        [
          0.0,
          0.0,
          1.0,
          0.0
        ],
        [
          0.441039,
          0.0,
          0.0,
          1.0
        ]
      ],
      "parent_index": 73,
      "billboard_type": "Disabled"
    },
    {
      "name": "FingerR23",
      "transform": [
        [
          1.0,
          0.0,
          0.0,
          0.0
        ],
        [
          0.0,
          1.0,
          0.0,
          0.0
        ],
        [
          0.0,
          0.0,
          1.0,
          0.0
        ],
        [
          0.312545,
          0.0,
          0.0,
          1.0
        ]
      ],
      "parent_index": 74,
      "billboard_type": "Disabled"
    },
    {
      "name": "FingerR11",
      "transform": [
        [
          0.995624,
          0.0,
          0.0934446,
          0.0
        ],
        [
          0.0,
          1.0,
          0.0,
          0.0
        ],
        [
          -0.0934446,
          0.0,
          0.995624,
          0.0
        ],
        [
          0.91889,
          -0.0700286,
          0.186346,
          1.0
        ]
      ],
      "parent_index": 63,
      "billboard_type": "Disabled"
    },
    {
      "name": "FingerR12",
      "transform": [
        [
          1.0,
          0.0,
          0.0,
          0.0
        ],
        [
          0.0,
          1.0,
          0.0,
          0.0
        ],
        [
          0.0,
          0.0,
          1.0,
          0.0
        ],
        [
          0.362172,
          0.0,
          0.0,
          1.0
        ]
      ],
      "parent_index": 76,
      "billboard_type": "Disabled"
    },
    {
      "name": "FingerR13",
      "transform": [
        [
          1.0,
          0.0,
          0.0,
          0.0
        ],
        [
          0.0,
          1.0,
          0.0,
          0.0
        ],
        [
          0.0,
          0.0,
          1.0,
          0.0
        ],
        [
          0.269852,
          0.0,
          0.0,
          1.0
        ]
      ],
      "parent_index": 77,
      "billboard_type": "Disabled"
    },
    {
      "name": "FingerR51",
      "transform": [
        [
          0.739221,
          0.617375,
          0.269072,
          0.0
        ],
        [
          -0.1985,
          0.581523,
          -0.788942,
          0.0
        ],
        [
          -0.643545,
          0.529791,
          0.552423,
          0.0
        ],
        [
          0.0970188,
          0.152771,
          0.197461,
          1.0
        ]
      ],
      "parent_index": 63,
      "billboard_type": "Disabled"
    },
    {
      "name": "FingerR52",
      "transform": [
        [
          1.0,
          0.0,
          0.0,
          0.0
        ],
        [
          0.0,
          1.0,
          0.0,
          0.0
        ],
        [
          0.0,
          0.0,
          1.0,
          0.0
        ],
        [
          0.53,
          0.0,
          0.0,
          1.0
        ]
      ],
      "parent_index": 79,
      "billboard_type": "Disabled"
    },
    {
      "name": "FingerR53",
      "transform": [
        [
          1.0,
          0.0,
          0.0,
          0.0
        ],
        [
          0.0,
          1.0,
          0.0,
          0.0
        ],
        [
          0.0,
          0.0,
          1.0,
          0.0
        ],
        [
          0.319875,
          0.0,
          0.0,
          1.0
        ]
      ],
      "parent_index": 80,
      "billboard_type": "Disabled"
    },
    {
      "name": "Shield",
      "transform": [
        [
          1.0,
          0.0,
          0.0,
          0.0
        ],
        [
          0.0,
          0.0,
          -1.0,
          0.0
        ],
        [
          0.0,
          1.0,
          0.0,
          0.0
        ],
        [
          0.0,
          0.02,
          0.0,
          1.0
        ]
      ],
      "parent_index": 17,
      "billboard_type": "Disabled"
    },
    {
      "name": "FingerL10",
      "transform": [
        [
          0.999746,
          0.000872443,
          -0.0225303,
          0.0
        ],
        [
          -0.000872271,
          1.0,
          0.0000174489,
          0.0
        ],
        [
          0.0225303,
          0.0000022081,
          0.999746,
          0.0
        ],
        [
          -0.00569518,
          0.0,
          -0.252785,
          1.0
        ]
      ],
      "parent_index": 22,
      "billboard_type": "Disabled"
    },
    {
      "name": "FingerL20",
      "transform": [
        [
          1.0,
          0.0,
          0.0,
          0.0
