{
  "major_version": 1,
  "minor_version": 0,
  "bones": [
    {
      "name": "Trans",
      "transform": [
        [
          1.0,
          0.0,
          0.0,
          0.0
        ],
        [
          0.0,
          1.0,
          0.0,
          0.0
        ],
        [
          0.0,
          0.0,
          1.0,
          0.0
        ],
        [
          0.0,
          0.0,
          0.0,
          1.0
        ]
      ],
      "parent_index": null,
      "billboard_type": "Disabled"
    },
    {
      "name": "Rot",
      "transform": [
        [
          1.0,
          0.0,
          0.0,
          0.0
        ],
        [
          0.0,
          1.0,
          0.0,
          0.0
        ],
        [
          0.0,
          0.0,
          1.0,
          0.0
        ],
        [
          0.0,
          10.022,
          0.198291,
          1.0
        ]
      ],
      "parent_index": 0,
      "billboard_type": "Disabled"
    },
    {
      "name": "Hip",
      "transform": [
        [
          0.0,
          0.995037,
          0.0995029,
          0.0
        ],
        [
          0.0,
          -0.0995029,
          0.995037,
          0.0
        ],
        [
          1.0,
          0.0,
          0.0,
          0.0
        ],
        [
          0.0,
          0.0,
          0.0,
          1.0
        ]
      ],
      "parent_index": 1,
      "billboard_type": "Disabled"
    },
    {
      "name": "Waist",
      "transform": [
        [
          0.995702,
          -0.0926159,
          0.0,
          0.0
        ],
        [
          0.0926159,
          0.995702,
          0.0,
          0.0
        ],
        [
          0.0,
          0.0,
          1.0,
          0.0
        ],
        [
          1.59678,
          0.0,
          0.0,
          1.0
        ]
      ],
      "parent_index": 2,
      "billboard_type": "Disabled"
    },
    {
      "name": "Bust",
      "transform": [
        [
          0.99514,
          -0.09847,
          0.0,
          0.0
        ],
        [
          0.09847,
          0.99514,
          0.0,
          0.0
        ],
        [
          0.0,
          0.0,
          1.0,
          0.0
        ],
        [
          1.46668,
          0.0,
          0.0,
          1.0
        ]
      ],
      "parent_index": 3,
      "billboard_type": "Disabled"
    },
    {
      "name": "Neck",
      "transform": [
        [
          0.969044,
          0.246887,
          0.0,
          0.0
        ],
        [
          -0.246887,
          0.969044,
          0.0,
          0.0
        ],
        [
          0.0,
          0.0,
          1.0,
          0.0
        ],
        [
          2.37295,
          0.0,
          0.0,
          1.0
        ]
      ],
      "parent_index": 4,
      "billboard_type": "Disabled"
    },
    {
      "name": "Head",
      "transform": [
        [
          0.987582,
          -0.157103,
          0.0,
          0.0
        ],
        [
          0.157103,
          0.987582,
          0.0,
          0.0
        ],
        [
          0.0,
          0.0,
          1.0,
          0.0
        ],
        [
          0.855814,
          0.0,
          0.0,
          1.0
        ]
      ],
      "parent_index": 5,
      "billboard_type": "Disabled"
    },
    {
      "name": "ClavicleC",
      "transform": [
        [
          0.995798,
          0.0915807,
          0.0,
          0.0
        ],
        [
          -0.0915807,
          0.995798,
          0.0,
          0.0
        ],
        [
          0.0,
          0.0,
          1.0,
          0.0
        ],
        [
          1.78214,
          -0.358043,
          0.0,
          1.0
        ]
      ],
      "parent_index": 4,
      "billboard_type": "Disabled"
    },
    {
      "name": "ClavicleL",
      "transform": [
        [
          0.0,
          0.0,
          1.0,
          0.0
        ],
        [
          0.0,
          1.0,
          0.0,
          0.0
        ],
        [
          -1.0,
          0.0,
          0.0,
          0.0
        ],
        [
          0.0,
          0.0,
          0.4,
          1.0
        ]
      ],
      "parent_index": 7,
      "billboard_type": "Disabled"
    },
    {
      "name": "ShoulderL",
      "transform": [
        [
          0.999434,
          -0.0334013,
          0.00399696,
          0.0
        ],
        [
          0.0334015,
          0.999442,
          0.0,
          0.0
        ],
        [
          -0.00399473,
          0.000133505,
          0.999992,
          0.0
        ],
        [
          1.1534,
          0.0483918,
          0.0889377,
          1.0
        ]
      ],
      "parent_index": 8,
      "billboard_type": "Disabled"
    },
    {
      "name": "ArmL",
      "transform": [
        [
          0.99785,
          0.0648262,
          -0.00961509,
          0.0
        ],
        [
          -0.0648292,
          0.997896,
          0.0,
          0.0
        ],
        [
          0.00959487,
          0.000623339,
          0.999954,
          0.0
        ],
        [
          3.08663,
          0.0,
          0.0,
          1.0
        ]
      ],
      "parent_index": 9,
      "billboard_type": "Disabled"
    },
    {
      "name": "HandL",
      "transform": [
        [
          0.999489,
          -0.0314612,
          0.00561571,
          0.0
        ],
        [
          -0.0056267,
          -0.000260666,
          0.999984,
          0.0
        ],
        [
          -0.0314593,
          -0.999505,
          -0.000437556,
          0.0
        ],
        [
          2.74831,
          0.0,
          0.0,
          1.0
        ]
      ],
      "parent_index": 10,
      "billboard_type": "Disabled"
    },
    {
      "name": "HaveL",
      "transform": [
        [
          0.0,
          -1.0,
          0.0,
          0.0
        ],
        [
          0.0,
          0.0,
          -1.0,
          0.0
        ],
        [
          1.0,
          0.0,
          0.0,
          0.0
        ],
        [
          1.007,
          0.160883,
          -0.122983,
          1.0
        ]
      ],
      "parent_index": 11,
      "billboard_type": "Disabled"
    },
    {
      "name": "ShoulderpadL",
      "transform": [
        [
          1.0,
          0.0,
          0.0,
          0.0
        ],
        [
          0.0,
          1.0,
          0.0,
          0.0
        ],
        [
          0.0,
          0.0,
          1.0,
          0.0
        ],
        [
          1.453,
          0.0467225,
          -0.460862,
          1.0
        ]
      ],
      "parent_index": 8,
      "billboard_type": "Disabled"
    },
    {
      "name": "ClavicleR",
      "transform": [
        [
          0.0,
          0.0,
          -1.0,
          0.0
        ],
        [
          0.0,
          1.0,
          0.0,
          0.0
        ],
        [
          1.0,
          0.0,
          0.0,
          0.0
        ],
        [
          0.0,
          0.0,
          -0.4,
          1.0
        ]
      ],
      "parent_index": 7,
      "billboard_type": "Disabled"
    },
    {
      "name": "ShoulderR",
      "transform": [
        [
          0.999434,
          -0.0334012,
          -0.00401728,
          0.0
        ],
        [
          0.0334015,
          0.999442,
          0.0,
          0.0
        ],
        [
          0.00401504,
          -0.000134183,
          0.999992,
          0.0
        ],
        [
          1.1534,
          0.0483919,
          -0.0889001,
          1.0
        ]
      ],
      "parent_index": 14,
      "billboard_type": "Disabled"
    },
    {
      "name": "ArmR",
      "transform": [
        [
          0.99785,
          0.0648263,
          0.00964851,
          0.0
        ],
        [
          -0.0648293,
          0.997896,
          0.0,
          0.0
        ],
        [
          -0.00962821,
          -0.000625506,
          0.999953,
          0.0
        ],
        [
          3.08663,
          0.0,
          0.0,
          1.0
        ]
      ],
      "parent_index": 15,
      "billboard_type": "Disabled"
    },
    {
      "name": "HandR",
      "transform": [
        [
          0.999489,
          -0.0314614,
          -0.00562881,
          0.0
        ],
        [
          -0.00563984,
          -0.000261983,
          -0.999984,
          0.0
        ],
        [
          0.0314594,
          0.999505,
          -0.000439287,
          0.0
        ],
        [
          2.7483,
          0.0,
          0.0,
          1.0
        ]
      ],
      "parent_index": 16,
      "billboard_type": "Disabled"
    },
    {
      "name": "HaveR",
      "transform": [
        [
          0.0,
          1.0,
          0.0,
          0.0
        ],
        [
          0.0,
          0.0,
          1.0,
          0.0
        ],
        [
          1.0,
          0.0,
          0.0,
          0.0
        ],
        [
          1.00914,
          0.151656,
          0.117027,
          1.0
        ]
      ],
      "parent_index": 17,
      "billboard_type": "Disabled"
    },
    {
      "name": "ShoulderpadR",
      "transform": [
        [
          1.0,
          0.0,
          0.0,
          0.0
        ],
        [
          0.0,
          1.0,
          0.0,
          0.0
        ],
        [
          0.0,
          0.0,
          1.0,
          0.0
        ],
        [
          1.453,
          0.0467227,
          0.460899,
          1.0
        ]
      ],
      "parent_index": 14,
      "billboard_type": "Disabled"
    },
    {
      "name": "Breastplate",
      "transform": [
        [
          0.995798,
          0.0915823,
          0.0,
          0.0
        ],
        [
          -0.0915823,
          0.995798,
          0.0,
          0.0
        ],
        [
          0.0,
          0.0,
          1.0,
          0.0
        ],
        [
          1.09098,
          1.54875,
          0.0,
          1.0
        ]
      ],
      "parent_index": 4,
      "billboard_type": "Disabled"
    },
    {
      "name": "LegC",
      "transform": [
        [
          0.995037,
          -0.0995025,
          0.0,
          0.0
        ],
        [
          0.0995025,
          0.995037,
          0.0,
          0.0
        ],
        [
          0.0,
          0.0,
          1.0,
          0.0
        ],
        [
          -0.198027,
          0.0714048,
          0.0,
          1.0
        ]
      ],
      "parent_index": 2,
      "billboard_type": "Disabled"
    },
    {
      "name": "LegL",
      "transform": [
        [
          -0.999077,
          -0.039699,
          -0.0164019,
          0.0
        ],
        [
          0.0397044,
          -0.999211,
          0.0,
          0.0
        ],
        [
          -0.0163889,
          -0.000651225,
          0.999865,
          0.0
        ],
        [
          0.0,
          0.0,
          0.838429,
          1.0
        ]
      ],
      "parent_index": 21,
      "billboard_type": "Disabled"
    },
    {
      "name": "KneeL",
      "transform": [
        [
          0.999761,
          0.0218303,
          0.000880152,
          0.0
        ],
        [
          -0.0218303,
          0.999762,
          0.0,
          0.0
        ],
        [
          -0.000879943,
          -0.000019214,
          1.0,
          0.0
        ],
        [
          3.865,
          0.0,
          0.0,
          1.0
        ]
      ],
      "parent_index": 22,
      "billboard_type": "Disabled"
    },
    {
      "name": "FootL",
      "transform": [
        [
          0.997986,
          -0.0615055,
          0.0155105,
          0.0
        ],
        [
          0.0615037,
          0.998107,
          0.000597101,
          0.0
        ],
        [
          -0.0155179,
          0.000358058,
          0.99988,
          0.0
        ],
        [
          4.6,
          0.0,
          0.0,
          1.0
        ]
      ],
      "parent_index": 23,
      "billboard_type": "Disabled"
    },
    {
      "name": "ToeL",
      "transform": [
        [
          0.0,
          -1.0,
          0.0,
          0.0
        ],
        [
          1.0,
          0.0,
          0.0,
          0.0
        ],
        [
          0.0,
          0.0,
          1.0,
          0.0
        ],
        [
          1.05188,
          -0.969125,
          0.00566566,
          1.0
        ]
      ],
      "parent_index": 24,
      "billboard_type": "Disabled"
    },
    {
      "name": "LegR",
      "transform": [
        [
          -0.999077,
          -0.0396991,
          0.0164018,
          0.0
        ],
        [
          0.0397044,
          -0.999211,
          0.0,
          0.0
        ],
        [
          0.0163889,
          0.000651225,
          0.999865,
          0.0
        ],
        [
          0.0,
          0.0,
          -0.838429,
          1.0
        ]
      ],
      "parent_index": 21,
      "billboard_type": "Disabled"
    },
    {
      "name": "KneeR",
      "transform": [
        [
          0.999761,
          0.0218302,
          -0.000880098,
          0.0
        ],
        [
          -0.0218302,
          0.999762,
          0.0,
          0.0
        ],
        [
          0.000879889,
          0.0000192127,
          1.0,
          0.0
        ],
        [
          3.865,
          0.0,
          0.0,
          1.0
        ]
      ],
      "parent_index": 26,
      "billboard_type": "Disabled"
    },
    {
      "name": "FootR",
      "transform": [
        [
          0.997986,
          -0.0615055,
          -0.0155106,
          0.0
        ],
        [
          0.0615037,
          0.998107,
          -0.000597103,
          0.0
        ],
        [
          0.0155179,
          -0.000358055,
          0.99988,
          0.0
        ],
        [
          4.6,
          0.0,
          0.0,
          1.0
        ]
      ],
      "parent_index": 27,
      "billboard_type": "Disabled"
    },
    {
      "name": "ToeR",
      "transform": [
        [
          0.0,
          -1.0,
          0.0,
          0.0
        ],
        [
          1.0,
          0.0,
          0.0,
          0.0
        ],
        [
          0.0,
          0.0,
          1.0,
          0.0
        ],
        [
          1.05189,
          -0.969125,
          -0.00566586,
          1.0
        ]
      ],
      "parent_index": 28,
      "billboard_type": "Disabled"
    },
    {
      "name": "waistmetalL",
      "transform": [
        [
          -0.915228,
          0.244232,
          0.320481,
          0.0
        ],
        [
          0.401954,
          0.608897,
          0.683869,
          0.0
        ],
        [
          -0.0281169,
          0.754715,
          -0.65545,
          0.0
        ],
        [
          1.66447,
          0.69083,
          1.14,
          1.0
        ]
      ],
      "parent_index": 2,
      "billboard_type": "Disabled"
    },
    {
      "name": "waistmetalR",
      "transform": [
        [
          -0.915228,
          0.244232,
          -0.320481,
          0.0
        ],
        [
          0.401954,
          0.608897,
          -0.683869,
          0.0
        ],
        [
          0.028117,
          -0.754715,
          -0.65545,
          0.0
        ],
        [
          1.66447,
          0.69083,
          -1.14,
          1.0
        ]
      ],
      "parent_index": 2,
      "billboard_type": "Disabled"
    },
    {
      "name": "Throw",
      "transform": [
        [
          1.0,
          0.0,
          0.0,
          0.0
        ],
        [
          0.0,
          1.0,
          0.0,
          0.0
        ],
        [
          0.0,
          0.0,
          1.0,
          0.0
        ],
        [
          0.0,
          -10.022,
          -0.198291,
          1.0
        ]
      ],
      "parent_index": 1,
      "billboard_type": "Disabled"
    },
    {
      "name": "S_HairL1",
      "transform": [
        [
          -0.964332,
          0.258392,
          -0.0574276,
          0.0
        ],
        [
          0.258488,
          0.965997,
          0.00587321,
          0.0
        ],
        [
          0.0569925,
          -0.00918064,
          -0.998332,
          0.0
        ],
        [
          0.80136,
          0.455045,
          0.93,
          1.0
        ]
      ],
      "parent_index": 6,
      "billboard_type": "Disabled"
    },
    {
      "name": "S_HairL2",
      "transform": [
        [
          0.964603,
          0.260881,
          -0.0384912,
          0.0
        ],
        [
          -0.260498,
          0.965362,
          0.0147422,
          0.0
        ],
        [
          0.0410039,
          -0.00419355,
          0.99915,
          0.0
        ],
        [
          1.15489,
          0.0,
          0.0,
          1.0
        ]
      ],
      "parent_index": 33,
      "billboard_type": "Disabled"
    },
    {
      "name": "S_HairL3",
      "transform": [
        [
          0.975485,
          0.21944,
          0.016571,
          0.0
        ],
        [
          -0.219279,
          0.9756,
          -0.0110221,
          0.0
        ],
        [
          -0.0185853,
          0.00711823,
          0.999802,
          0.0
        ],
        [
          1.18079,
          0.0,
          0.0,
          1.0
        ]
      ],
      "parent_index": 34,
      "billboard_type": "Disabled"
    },
    {
      "name": "S_HairL4_null",
      "transform": [
        [
          0.0,
          0.0,
          -1.0,
          0.0
        ],
        [
          0.0,
          1.0,
          0.0,
          0.0
        ],
        [
          1.0,
          0.0,
          0.0,
          0.0
        ],
        [
          1.31389,
          0.0,
          0.0,
          1.0
        ]
      ],
      "parent_index": 35,
      "billboard_type": "Disabled"
    },
    {
      "name": "S_HairR1",
      "transform": [
        [
          -0.964332,
          0.258392,
          0.0574276,
          0.0
        ],
        [
          0.258488,
          0.965997,
          -0.00587321,
          0.0
        ],
        [
          -0.0569925,
          0.00918064,
          -0.998332,
          0.0
        ],
        [
          0.80136,
          0.455045,
          -0.93,
          1.0
        ]
      ],
      "parent_index": 6,
      "billboard_type": "Disabled"
    },
    {
      "name": "S_HairR2",
      "transform": [
        [
          0.964603,
          0.260881,
          0.0384912,
          0.0
        ],
        [
          -0.260498,
          0.965362,
          -0.0147422,
          0.0
        ],
        [
          -0.0410039,
          0.00419355,
          0.99915,
          0.0
        ],
        [
          1.15489,
          0.0,
          0.0,
          1.0
        ]
      ],
      "parent_index": 37,
      "billboard_type": "Disabled"
    },
    {
      "name": "S_HairR3",
      "transform": [
        [
          0.975485,
          0.21944,
          -0.016571,
          0.0
        ],
        [
          -0.219279,
          0.9756,
          0.0110221,
          0.0
        ],
        [
          0.0185853,
          -0.00711823,
          0.999802,
          0.0
        ],
        [
          1.18079,
          0.0,
          0.0,
          1.0
        ]
      ],
      "parent_index": 38,
      "billboard_type": "Disabled"
    },
    {
      "name": "S_HairR4_null",
      "transform": [
        [
          0.0,
          0.0,
          1.0,
          0.0
        ],
        [
          0.0,
          1.0,
          0.0,
          0.0
        ],
        [
          -1.0,
          0.0,
          0.0,
          0.0
        ],
        [
          1.31389,
          0.0,
          0.0,
          1.0
        ]
      ],
      "parent_index": 39,
      "billboard_type": "Disabled"
    },
    {
      "name": "S_HairB1",
      "transform": [
        [
          -0.848048,
          -0.529919,
          0.0,
          0.0
        ],
        [
          0.529919,
          -0.848048,
          0.0,
          0.0
        ],
        [
          0.0,
          0.0,
          1.0,
          0.0
        ],
        [
          0.533643,
          -0.9,
          0.0,
          1.0
        ]
      ],
      "parent_index": 6,
      "billboard_type": "Disabled"
    },
    {
      "name": "S_HairB2",
      "transform": [
        [
          0.990268,
          0.139173,
          0.0,
          0.0
        ],
        [
          -0.139173,
          0.990268,
          0.0,
          0.0
        ],
        [
          0.0,
          0.0,
          1.0,
          0.0
        ],
        [
          2.45,
          0.0,
          0.0,
          1.0
        ]
      ],
      "parent_index": 41,
      "billboard_type": "Disabled"
    },
    {
      "name": "S_HairB3",
      "transform": [
        [
          0.996195,
          0.0871557,
          0.0,
          0.0
        ],
        [
          -0.0871557,
          0.996195,
          0.0,
          0.0
        ],
        [
          0.0,
          0.0,
          1.0,
          0.0
        ],
        [
          2.45,
          0.0,
          0.0,
          1.0
        ]
      ],
      "parent_index": 42,
      "billboard_type": "Disabled"
    },
    {
      "name": "S_HairB4_null",
      "transform": [
        [
          1.0,
          0.0,
          0.0,
          0.0
        ],
        [
          0.0,
          1.0,
          0.0,
          0.0
        ],
        [
          0.0,
          0.0,
          1.0,
          0.0
        ],
        [
          2.45,
          0.0,
          0.0,
          1.0
        ]
      ],
      "parent_index": 43,
      "billboard_type": "Disabled"
    },
    {
      "name": "S_HairBL1",
      "transform": [
        [
          -0.917002,
          -0.389244,
          0.0871557,
          0.0
        ],
        [
          0.390731,
          -0.920505,
          0.0,
          0.0
        ],
        [
          0.0802273,
          0.0340545,
          0.996195,
          0.0
        ],
        [
          0.533643,
          -0.9,
          1.5,
          1.0
        ]
      ],
      "parent_index": 6,
      "billboard_type": "Disabled"
    },
    {
      "name": "S_HairBL2",
      "transform": [
        [
          0.990268,
          0.139173,
          0.0,
          0.0
        ],
        [
          -0.139173,
          0.990268,
          0.0,
          0.0
        ],
        [
          0.0,
          0.0,
          1.0,
          0.0
        ],
        [
          1.295,
          0.0,
          0.0,
          1.0
        ]
      ],
      "parent_index": 45,
      "billboard_type": "Disabled"
    },
    {
      "name": "S_HairBL3",
      "transform": [
        [
          0.990268,
          0.139173,
          0.0,
          0.0
        ],
        [
          -0.139173,
          0.990268,
          0.0,
          0.0
        ],
        [
          0.0,
          0.0,
          1.0,
          0.0
        ],
        [
          1.575,
          0.0,
          0.0,
          1.0
        ]
      ],
      "parent_index": 46,
      "billboard_type": "Disabled"
    },
    {
      "name": "S_HairBL4_null",
      "transform": [
        [
          1.0,
          0.0,
          0.0,
          0.0
        ],
        [
          0.0,
          1.0,
          0.0,
          0.0
        ],
        [
          0.0,
          0.0,
          1.0,
          0.0
        ],
        [
          2.45,
          0.0,
          0.0,
          1.0
        ]
      ],
      "parent_index": 47,
      "billboard_type": "Disabled"
    },
    {
      "name": "S_HairBR1",
      "transform": [
        [
          -0.917002,
          -0.389244,
          -0.0871557,
          0.0
        ],
        [
          0.390731,
          -0.920505,
          0.0,
          0.0
        ],
        [
          -0.0802273,
          -0.0340545,
          0.996195,
          0.0
        ],
        [
          0.533643,
          -0.9,
          -1.5,
          1.0
        ]
      ],
      "parent_index": 6,
      "billboard_type": "Disabled"
    },
    {
      "name": "S_HairBR2",
      "transform": [
        [
          0.990268,
          0.139173,
          0.0,
          0.0
        ],
        [
          -0.139173,
          0.990268,
          0.0,
          0.0
        ],
        [
          0.0,
          0.0,
          1.0,
          0.0
        ],
        [
          1.295,
          0.0,
          0.0,
          1.0
        ]
      ],
      "parent_index": 49,
      "billboard_type": "Disabled"
    },
    {
      "name": "S_HairBR3",
      "transform": [
        [
          0.990268,
          0.139173,
          0.0,
          0.0
        ],
        [
          -0.139173,
          0.990268,
          0.0,
          0.0
        ],
        [
          0.0,
          0.0,
          1.0,
          0.0
        ],
        [
          1.575,
          0.0,
          0.0,
          1.0
        ]
      ],
      "parent_index": 50,
      "billboard_type": "Disabled"
    },
    {
      "name": "S_HairBR4_null",
      "transform": [
        [
          1.0,
          0.0,
          0.0,
          0.0
        ],
        [
          0.0,
          1.0,
          0.0,
          0.0
        ],
        [
          0.0,
          0.0,
          1.0,
          0.0
        ],
        [
          2.45,
          0.0,
          0.0,
          1.0
        ]
      ],
      "parent_index": 51,
      "billboard_type": "Disabled"
    },
    {
      "name": "S_MantleB1",
      "transform": [
        [
          -0.819152,
          -0.573576,
          0.0,
          0.0
        ],
        [
          0.573576,
          -0.819152,
          0.0,
          0.0
        ],
        [
          0.0,
          0.0,
          1.0,
          0.0
        ],
        [
          1.63042,
          -1.55613,
          0.0,
          1.0
        ]
      ],
      "parent_index": 4,
      "billboard_type": "Disabled"
    },
    {
      "name": "S_MantleB2",
      "transform": [
        [
          0.996195,
          0.0871557,
          0.0,
          0.0
        ],
        [
          -0.0871557,
          0.996195,
          0.0,
          0.0
        ],
        [
          0.0,
          0.0,
          1.0,
          0.0
        ],
        [
          3.20065,
          0.0,
          0.0,
          1.0
        ]
      ],
      "parent_index": 53,
      "billboard_type": "Disabled"
    },
    {
      "name": "S_MantleB3",
      "transform": [
        [
          0.996195,
          0.0871557,
          0.0,
          0.0
        ],
        [
          -0.0871557,
          0.996195,
          0.0,
          0.0
        ],
        [
          0.0,
          0.0,
          1.0,
          0.0
        ],
        [
          4.22294,
          0.0,
          0.0,
          1.0
        ]
      ],
      "parent_index": 54,
      "billboard_type": "Disabled"
    },
    {
      "name": "S_MantleB4",
      "transform": [
        [
          0.992546,
          0.121869,
          0.0,
          0.0
        ],
        [
          -0.121869,
          0.992546,
          0.0,
          0.0
        ],
        [
          0.0,
          0.0,
          1.0,
          0.0
        ],
        [
          2.5,
          0.0,
          0.0,
          1.0
        ]
      ],
      "parent_index": 55,
      "billboard_type": "Disabled"
    },
    {
      "name": "S_MantleB5_null",
      "transform": [
        [
          1.0,
          0.0,
          0.0,
          0.0
        ],
        [
          0.0,
          1.0,
          0.0,
          0.0
        ],
        [
          0.0,
          0.0,
          1.0,
          0.0
        ],
        [
          3.66461,
          0.0,
          0.0,
          1.0
        ]
      ],
      "parent_index": 56,
      "billboard_type": "Disabled"
    },
    {
      "name": "S_MantleL1",
      "transform": [
        [
          -0.803846,
          -0.464101,
          0.372079,
          0.0
        ],
        [
          0.594128,
          -0.65698,
          0.464101,
          0.0
        ],
        [
          0.0290592,
          0.594128,
          0.803846,
          0.0
        ],
        [
          2.12828,
          -1.11523,
          2.20157,
          1.0
        ]
      ],
      "parent_index": 4,
      "billboard_type": "Disabled"
    },
    {
      "name": "S_MantleL2",
      "transform": [
        [
          0.996195,
          0.0871557,
          0.0,
          0.0
        ],
        [
          -0.0871557,
          0.996195,
          0.0,
          0.0
        ],
        [
          0.0,
          0.0,
          1.0,
          0.0
        ],
        [
          3.87306,
          0.0,
          0.0,
          1.0
        ]
      ],
      "parent_index": 58,
      "billboard_type": "Disabled"
    },
    {
      "name": "S_MantleL3",
      "transform": [
        [
          0.99863,
          0.052336,
          0.0,
          0.0
        ],
        [
          -0.052336,
          0.99863,
          0.0,
          0.0
        ],
        [
          0.0,
          0.0,
          1.0,
          0.0
        ],
        [
          4.21996,
          -0.16018,
          -0.122364,
          1.0
        ]
      ],
      "parent_index": 59,
      "billboard_type": "Disabled"
    },
    {
      "name": "S_MantleL4",
      "transform": [
        [
          0.99863,
          0.052336,
          0.0,
          0.0
        ],
        [
          -0.052336,
          0.99863,
          0.0,
          0.0
        ],
        [
          0.0,
          0.0,
          1.0,
          0.0
        ],
        [
          2.5,
          0.0,
          0.0,
          1.0
        ]
      ],
      "parent_index": 60,
      "billboard_type": "Disabled"
    },
    {
      "name": "S_MantleL5_null",
      "transform": [
        [
          1.0,
          0.0,
          0.0,
          0.0
        ],
        [
          0.0,
          1.0,
          0.0,
          0.0
        ],
        [
          0.0,
          0.0,
          1.0,
          0.0
        ],
        [
          3.07532,
          0.0,
          0.0,
          1.0
        ]
      ],
      "parent_index": 61,
      "billboard_type": "Disabled"
    },
    {
      "name": "S_MantleR1",
      "transform": [
        [
          -0.803846,
          -0.464101,
          -0.372079,
          0.0
        ],
        [
          0.594128,
          -0.65698,
          -0.464101,
          0.0
        ],
        [
          -0.0290592,
          -0.594128,
          0.803846,
          0.0
        ],
        [
          2.12828,
          -1.11523,
          -2.20157,
          1.0
        ]
      ],
      "parent_index": 4,
      "billboard_type": "Disabled"
    },
    {
      "name": "S_MantleR2",
      "transform": [
        [
          0.996195,
          0.0871557,
          0.0,
          0.0
        ],
        [
          -0.0871557,
          0.996195,
          0.0,
          0.0
        ],
        [
          0.0,
          0.0,
          1.0,
          0.0
        ],
        [
          3.87306,
          0.0,
          0.0,
          1.0
        ]
      ],
      "parent_index": 63,
      "billboard_type": "Disabled"
    },
    {
      "name": "S_MantleR3",
      "transform": [
        [
          0.99863,
          0.052336,
          0.0,
          0.0
        ],
        [
          -0.052336,
          0.99863,
          0.0,
          0.0
        ],
        [
          0.0,
          0.0,
          1.0,
          0.0
        ],
        [
          4.22477,
          0.0,
          0.0,
          1.0
        ]
      ],
      "parent_index": 64,
      "billboard_type": "Disabled"
    },
    {
      "name": "S_MantleR4",
      "transform": [
        [
          0.99863,
          0.052336,
          0.0,
          0.0
        ],
        [
          -0.052336,
          0.99863,
          0.0,
          0.0
        ],
        [
          0.0,
          0.0,
          1.0,
          0.0
        ],
        [
          2.5,
          0.0,
          0.0,
          1.0
        ]
      ],
      "parent_index": 65,
      "billboard_type": "Disabled"
    },
    {
      "name": "S_MantleR5_null",
      "transform": [
        [
          1.0,
          0.0,
          0.0,
          0.0
        ],
        [
          0.0,
          1.0,
          0.0,
          0.0
        ],
        [
          0.0,
          0.0,
          1.0,
          0.0
        ],
        [
          3.07532,
          0.0,
          0.0,
          1.0
        ]
      ],
      "parent_index": 66,
      "billboard_type": "Disabled"
    },
    {
      "name": "S_SkirtF1",
      "transform": [
        [
          -0.965894,
          0.258936,
          0.0,
          0.0
        ],
        [
          0.258936,
          0.965894,
          0.0,
          0.0
        ],
        [
          0.0,
          0.0,
          -1.0,
          0.0
        ],
        [
          1.68309,
          1.1069,
          0.0,
          1.0
        ]
      ],
      "parent_index": 2,
      "billboard_type": "Disabled"
    },
    {
      "name": "S_SkirtF2",
      "transform": [
        [
          0.999613,
          -0.0278323,
          0.0,
          0.0
        ],
        [
          0.0278323,
          0.999613,
          0.0,
          0.0
        ],
        [
          0.0,
          0.0,
          1.0,
          0.0
        ],
        [
          2.81499,
          0.0,
          0.0,
          1.0
        ]
      ],
      "parent_index": 68,
      "billboard_type": "Disabled"
    },
    {
      "name": "S_SkirtF3",
      "transform": [
        [
          0.999408,
          0.0344051,
          0.0,
          0.0
        ],
        [
          -0.0344051,
          0.999408,
          0.0,
          0.0
        ],
        [
          0.0,
          0.0,
          1.0,
          0.0
        ],
        [
          3.51837,
          0.0,
          0.0,
          1.0
        ]
      ],
      "parent_index": 69,
      "billboard_type": "Disabled"
    },
    {
      "name": "S_SkirtF4",
      "transform": [
        [
          0.995808,
          0.0914733,
          0.0,
          0.0
        ],
        [
          -0.0914733,
          0.995808,
          0.0,
          0.0
        ],
        [
          0.0,
          0.0,
          1.0,
          0.0
        ],
        [
          2.64872,
          0.0,
          0.0,
          1.0
        ]
      ],
      "parent_index": 70,
      "billboard_type": "Disabled"
    },
    {
      "name": "S_SkirtF5_null",
      "transform": [
        [
          1.0,
          0.0,
          0.0,
          0.0
        ],
        [
          0.0,
          1.0,
          0.0,
          0.0
        ],
        [
          0.0,
          0.0,
          1.0,
          0.0
        ],
        [
          2.79765,
          0.0,
          0.0,
          1.0
        ]
      ],
      "parent_index": 71,
      "billboard_type": "Disabled"
    },
    {
      "name": "S_SkirtB1",
      "transform": [
        [
          -0.938802,
          -0.344456,
          0.0,
          0.0
        ],
        [
          0.344456,
          -0.938802,
          0.0,
          0.0
        ],
        [
          0.0,
          0.0,
          1.0,
          0.0
        ],
        [
          1.48935,
          -1.24227,
          0.0,
          1.0
        ]
      ],
      "parent_index": 2,
      "billboard_type": "Disabled"
    },
    {
      "name": "S_SkirtB2",
      "transform": [
        [
          0.952947,
          -0.303136,
          0.0,
          0.0
        ],
        [
          0.303136,
          0.952947,
          0.0,
          0.0
        ],
        [
          0.0,
          0.0,
          1.0,
          0.0
        ],
        [
          3.19741,
          0.0,
          0.0,
          1.0
        ]
      ],
      "parent_index": 73,
      "billboard_type": "Disabled"
    },
    {
      "name": "S_SkirtB3",
      "transform": [
        [
          0.994128,
          0.108209,
          0.0,
          0.0
        ],
        [
          -0.108209,
          0.994128,
          0.0,
          0.0
        ],
        [
          0.0,
          0.0,
          1.0,
          0.0
        ],
        [
          1.90082,
          0.0,
          0.0,
          1.0
        ]
      ],
      "parent_index": 74,
      "billboard_type": "Disabled"
    },
    {
      "name": "S_SkirtB4",
      "transform": [
        [
          0.977913,
          0.20901,
          0.0,
          0.0
        ],
        [
          -0.20901,
          0.977913,
          0.0,
          0.0
        ],
        [
          0.0,
          0.0,
          1.0,
          0.0
        ],
        [
          4.0149,
          0.0,
          0.0,
          1.0
        ]
      ],
      "parent_index": 75,
      "billboard_type": "Disabled"
    },
    {
      "name": "S_SkirtB5_null",
      "transform": [
        [
          1.0,
          0.0,
          0.0,
          0.0
        ],
        [
          0.0,
          1.0,
          0.0,
          0.0
        ],
        [
          0.0,
          0.0,
          1.0,
          0.0
        ],
        [
          2.94221,
          0.0,
          0.0,
          1.0
        ]
      ],
      "parent_index": 76,
      "billboard_type": "Disabled"
    },
    {
      "name": "S_SkirtFL1",
      "transform": [
        [
          -0.951428,
          0.249937,
          0.179768,
          0.0
        ],
        [
          0.29922,
          0.61323,
          0.731038,
          0.0
        ],
        [
          0.0724748,
          0.74932,
          -0.65823,
          0.0
        ],
        [
          1.66692,
          0.723858,
          1.00473,
          1.0
        ]
      ],
      "parent_index": 2,
      "billboard_type": "Disabled"
    },
    {
      "name": "S_SkirtFL2",
      "transform": [
        [
          0.999303,
          -0.0373334,
          0.0,
          0.0
        ],
        [
          0.0373334,
          0.999303,
          0.0,
          0.0
        ],
        [
          0.0,
          0.0,
          1.0,
          0.0
        ],
        [
          2.85537,
          0.0,
          0.0,
          1.0
        ]
      ],
      "parent_index": 78,
      "billboard_type": "Disabled"
    },
    {
      "name": "S_SkirtFL3",
      "transform": [
        [
          0.999991,
          -0.00435952,
          0.0,
          0.0
        ],
        [
          0.00435952,
          0.999991,
          0.0,
          0.0
        ],
        [
          0.0,
          0.0,
          1.0,
          0.0
        ],
        [
          3.59459,
          0.0,
          0.0,
          1.0
        ]
      ],
      "parent_index": 79,
      "billboard_type": "Disabled"
    },
    {
      "name": "S_SkirtFL4",
      "transform": [
        [
          0.999408,
          0.0344109,
          0.0,
          0.0
        ],
        [
          -0.0344109,
          0.999408,
          0.0,
          0.0
        ],
        [
          0.0,
          0.0,
          1.0,
          0.0
        ],
        [
          2.66604,
          0.0,
          0.0,
          1.0
        ]
      ],
      "parent_index": 80,
      "billboard_type": "Disabled"
    },
    {
      "name": "S_SkirtFL5_null",
      "transform": [
        [
          1.0,
          0.0,
          0.0,
          0.0
        ],
        [
          0.0,
          1.0,
          0.0,
          0.0
        ],
        [
          0.0,
          0.0,
          1.0,
          0.0
        ],
        [
          2.6885,
          0.0,
          0.0,
          1.0
        ]
      ],
      "parent_index": 81,
      "billboard_type": "Disabled"
    },
    {
      "name": "S_SkirtL1",
      "transform": [
        [
          -0.923124,
